2 0.430775 0.412630 0.026670 0.048100
2 0.408743 0.406789 0.022805 0.059781
2 0.389804 0.408850 0.027443 0.051536
2 0.370091 0.407820 0.024351 0.056346
2 0.349606 0.407133 0.025897 0.057720
2 0.329893 0.408850 0.026670 0.057033
2 0.309215 0.407133 0.027056 0.059094
2 0.289695 0.408850 0.026670 0.052910
2 0.269983 0.408507 0.025897 0.053597
2 0.250077 0.408163 0.027056 0.055659
2 0.230751 0.408850 0.025510 0.054284
2 0.210652 0.405415 0.027056 0.058407
2 0.191520 0.408163 0.025897 0.054284
2 0.171421 0.403697 0.026670 0.060469
2 0.152675 0.405758 0.027056 0.054971
2 0.133542 0.404040 0.025124 0.063904
2 0.113636 0.405415 0.024737 0.059781
2 0.094697 0.402666 0.026283 0.066653
2 0.075564 0.402666 0.025124 0.062530
2 0.055465 0.399918 0.024351 0.069401
2 0.035946 0.403697 0.026283 0.061843
2 0.016041 0.400948 0.026670 0.060469
2 0.005218 0.402666 0.010436 0.058407
2 0.010436 0.912527 0.020872 0.043290
2 0.027829 0.910809 0.027056 0.046726
2 0.047928 0.912183 0.027056 0.046726
2 0.068027 0.911152 0.027829 0.046039
2 0.087740 0.911839 0.027056 0.048787
2 0.107259 0.912183 0.026670 0.045351
2 0.127938 0.911839 0.026283 0.046039
2 0.147650 0.912527 0.027829 0.044664
2 0.167556 0.915275 0.027443 0.046039
2 0.187655 0.914932 0.025897 0.046726
2 0.206594 0.914588 0.027443 0.046039
2 0.226693 0.913901 0.026670 0.046039
2 0.245439 0.915962 0.027056 0.047413
2 0.265925 0.916649 0.025510 0.047413
2 0.285637 0.917337 0.027056 0.044664
2 0.305349 0.918711 0.026283 0.044664
2 0.324675 0.917337 0.024737 0.044664
2 0.344774 0.920429 0.026283 0.043977
2 0.365840 0.921116 0.025897 0.045351
2 0.385938 0.921459 0.025897 0.047413
2 0.405651 0.922834 0.025897 0.046039
2 0.427876 0.922490 0.030148 0.043977
0 0.027829 0.474816 0.055658 0.105133
0 0.079429 0.850340 0.127165 0.116814
0 0.171034 0.478939 0.127165 0.114753
0 0.350186 0.481000 0.127551 0.122999
0 0.411449 0.528070 0.069187 0.211640
0 0.408743 0.714973 0.068414 0.204769
0 0.256068 0.854119 0.127165 0.112004
0 0.406617 0.854463 0.069573 0.109943
1 0.027250 0.614650 0.054499 0.207517
1 0.026283 0.799492 0.052566 0.206143
1 0.081555 0.526008 0.125232 0.207517
1 0.079429 0.705696 0.126391 0.208204
1 0.169295 0.614306 0.122913 0.205456
1 0.168329 0.799835 0.124072 0.208204
1 0.258774 0.525665 0.127165 0.202707
1 0.258387 0.709132 0.126391 0.204082
1 0.348060 0.617742 0.127165 0.205456
1 0.347673 0.804645 0.127938 0.205456