2 0.116238 0.328005 0.005203 0.014060
2 0.119984 0.327820 0.007701 0.013690
2 0.125708 0.327635 0.007493 0.012580
2 0.131639 0.327635 0.007701 0.012580
2 0.137467 0.327635 0.007701 0.013320
2 0.143606 0.327820 0.007493 0.013690
2 0.149538 0.328005 0.007701 0.014060
2 0.155157 0.327820 0.008117 0.012950
2 0.160985 0.327820 0.007701 0.012950
2 0.166500 0.328005 0.007909 0.013320
2 0.172536 0.328005 0.007076 0.012580
2 0.178571 0.328005 0.007493 0.013320
2 0.184607 0.328005 0.006660 0.014060
2 0.190226 0.328190 0.007076 0.012950
2 0.195846 0.328190 0.007493 0.012950
2 0.201673 0.328005 0.007493 0.012580
2 0.207501 0.328005 0.007076 0.013320
2 0.213224 0.328005 0.007701 0.013320
2 0.219052 0.327635 0.007701 0.012580
2 0.225087 0.327635 0.007701 0.012580
2 0.230603 0.327820 0.007909 0.012950
2 0.236534 0.327820 0.007701 0.013690
2 0.242362 0.327635 0.007284 0.013320
2 0.248293 0.327635 0.007493 0.013320
2 0.254433 0.327635 0.007701 0.012580
2 0.260157 0.327450 0.007909 0.012950
2 0.266088 0.328190 0.007701 0.012950
2 0.272332 0.327820 0.007701 0.012950
2 0.278263 0.328005 0.007493 0.012580
2 0.283987 0.327820 0.008117 0.012950
2 0.289814 0.328190 0.007701 0.012210
2 0.295642 0.328005 0.007701 0.011840
2 0.301886 0.327635 0.008117 0.012580
2 0.307817 0.328005 0.007909 0.012580
2 0.313749 0.327820 0.008117 0.012950
2 0.319888 0.327820 0.007909 0.013690
2 0.325820 0.328005 0.008117 0.012580
2 0.331960 0.328005 0.008325 0.013320
2 0.337787 0.327635 0.008325 0.012580
2 0.343615 0.328005 0.007493 0.014060
2 0.349963 0.327820 0.008533 0.012950
2 0.355790 0.327265 0.007701 0.014060
2 0.361826 0.327820 0.008117 0.012950
2 0.114365 0.476930 0.003538 0.012950
2 0.118735 0.477115 0.008117 0.014060
2 0.124355 0.476930 0.007284 0.012950
2 0.129870 0.476930 0.007909 0.012950
2 0.136010 0.477115 0.007284 0.014060
2 0.141837 0.477670 0.007701 0.013690
2 0.147873 0.477670 0.008117 0.012950
2 0.153596 0.477670 0.008325 0.013690
2 0.159216 0.477855 0.007909 0.012580
2 0.165147 0.477300 0.007701 0.012950
2 0.171079 0.477485 0.007909 0.013320
2 0.176698 0.477670 0.007493 0.012950
2 0.182526 0.477855 0.007076 0.013320
2 0.188353 0.478225 0.007076 0.013320
2 0.194181 0.478225 0.007493 0.013320
2 0.200112 0.478410 0.008117 0.013690
2 0.205836 0.478225 0.008325 0.013320
2 0.211559 0.478225 0.007701 0.014060
2 0.217907 0.478225 0.007493 0.013320
2 0.223526 0.478225 0.008741 0.013320
2 0.229354 0.477855 0.007909 0.012580
2 0.235181 0.478040 0.007493 0.012210
2 0.241009 0.478595 0.007909 0.012580
2 0.247253 0.478595 0.008325 0.012580
2 0.252976 0.478410 0.008533 0.012210
2 0.258804 0.478040 0.007701 0.012950
2 0.265047 0.478225 0.008117 0.013320
2 0.270875 0.478780 0.008533 0.013690
2 0.276911 0.479335 0.008117 0.013320
2 0.283050 0.479520 0.008741 0.013690
2 0.288774 0.479705 0.008117 0.012580
2 0.294809 0.479335 0.007701 0.012580
2 0.300429 0.479150 0.007701 0.012210
2 0.306464 0.479335 0.008117 0.012580
2 0.312500 0.478965 0.008117 0.012580
2 0.318432 0.478965 0.007909 0.012580
2 0.324571 0.478965 0.008117 0.012580
2 0.330711 0.479150 0.008325 0.012950
2 0.336434 0.479705 0.008117 0.012580
2 0.342470 0.479520 0.007701 0.013690
2 0.348714 0.479705 0.007701 0.013320
2 0.354645 0.479890 0.008325 0.013690
2 0.360577 0.479890 0.007701 0.012950
2 0.367861 0.328005 0.008533 0.013320
2 0.374313 0.328005 0.008117 0.013320
2 0.379933 0.328005 0.007284 0.013320
2 0.386176 0.328005 0.007284 0.013320
2 0.392108 0.328005 0.007493 0.012580
2 0.398664 0.328375 0.008117 0.014060
2 0.404075 0.328375 0.008117 0.012580
2 0.410111 0.328375 0.007701 0.012580
2 0.416250 0.328560 0.008741 0.012950
2 0.422702 0.328375 0.008325 0.012580
2 0.428530 0.328560 0.007909 0.012950
2 0.434774 0.328190 0.007493 0.013690
2 0.366925 0.479705 0.007909 0.013320
2 0.372648 0.479890 0.008117 0.013690
2 0.378788 0.480260 0.008741 0.013690
2 0.385032 0.480075 0.008325 0.013320
2 0.390963 0.480075 0.008117 0.013320
2 0.397103 0.480260 0.007909 0.012950
2 0.403139 0.480445 0.008741 0.012580
2 0.409174 0.480445 0.008325 0.012580
2 0.415418 0.480260 0.007909 0.012210
2 0.421454 0.481000 0.008325 0.013690
2 0.427697 0.480630 0.007909 0.012210
2 0.433421 0.481000 0.007701 0.012950
0 0.428426 0.362785 0.019356 0.059200
0 0.428426 0.418285 0.019772 0.060680
0 0.427697 0.460280 0.021229 0.033670
0 0.410215 0.348170 0.037463 0.032930
0 0.381494 0.459910 0.039128 0.030710
0 0.355270 0.347060 0.037463 0.032190
0 0.326861 0.459910 0.038087 0.031450
0 0.300741 0.347985 0.037879 0.031820
0 0.272748 0.458985 0.036422 0.031820
0 0.246941 0.348355 0.036838 0.031080
0 0.219156 0.458800 0.038295 0.032190
0 0.193661 0.348170 0.036838 0.032190
0 0.166396 0.457690 0.036422 0.031450
0 0.140589 0.347800 0.037671 0.030710
0 0.123418 0.361305 0.019564 0.059200
0 0.123314 0.415510 0.019772 0.059570
0 0.122274 0.456765 0.019356 0.031820
1 0.141109 0.389055 0.036630 0.058460
1 0.140485 0.443815 0.037046 0.058460
1 0.166916 0.362600 0.036630 0.059570
1 0.166708 0.416805 0.036630 0.060680
1 0.193140 0.389425 0.037046 0.059200
1 0.193348 0.444185 0.036630 0.058460
1 0.219676 0.361860 0.037671 0.061790
1 0.219780 0.416990 0.037046 0.061050
1 0.246212 0.389610 0.038295 0.061050
1 0.246420 0.444000 0.037879 0.058830
1 0.273372 0.361860 0.037671 0.060310
1 0.273685 0.416990 0.037046 0.061050
1 0.300221 0.389610 0.038087 0.060310
1 0.300221 0.445665 0.037671 0.059200
1 0.327589 0.361860 0.038295 0.061050
1 0.327485 0.417545 0.038503 0.061420
1 0.354645 0.389055 0.039128 0.062900
1 0.354333 0.445295 0.038919 0.061420
1 0.382430 0.362415 0.038919 0.060680
1 0.382014 0.417360 0.038503 0.061790
1 0.410111 0.390165 0.038503 0.061420
1 0.410007 0.445850 0.038711 0.060310