2 0.039960 0.529656 0.005411 0.012580
2 0.044123 0.530026 0.007909 0.012580
2 0.050366 0.530026 0.007493 0.012580
2 0.056298 0.530026 0.008117 0.013320
2 0.062125 0.529841 0.008117 0.012950
2 0.068473 0.530211 0.007909 0.013690
2 0.074509 0.530396 0.007493 0.013320
2 0.080336 0.530211 0.007493 0.013690
2 0.086580 0.530396 0.007909 0.013320
2 0.092199 0.530581 0.008325 0.012950
2 0.098235 0.530581 0.007909 0.012950
2 0.104063 0.531321 0.007493 0.012950
2 0.110202 0.530951 0.007701 0.012950
2 0.116134 0.531136 0.007493 0.013320
2 0.121961 0.531506 0.007909 0.013320
2 0.127893 0.531691 0.007284 0.013690
2 0.133720 0.531506 0.007284 0.013320
2 0.139652 0.531691 0.007909 0.012950
2 0.145271 0.531876 0.007493 0.013320
2 0.151203 0.531876 0.007701 0.012580
2 0.157135 0.532246 0.007493 0.014060
2 0.163066 0.532061 0.007701 0.012950
2 0.168998 0.532431 0.008325 0.012950
2 0.174617 0.532431 0.008325 0.012950
2 0.180757 0.532061 0.007701 0.012950
2 0.186688 0.532431 0.007493 0.012950
2 0.192204 0.532431 0.007701 0.012950
2 0.198239 0.532616 0.007701 0.013320
2 0.204171 0.532801 0.007493 0.012210
2 0.210102 0.532801 0.007284 0.012950
2 0.216034 0.533171 0.007076 0.012210
2 0.221966 0.533356 0.007701 0.013320
2 0.228209 0.532986 0.007701 0.012580
2 0.234037 0.533356 0.007284 0.012580
2 0.239968 0.533356 0.007493 0.012580
2 0.246004 0.533726 0.007076 0.013320
2 0.251832 0.533726 0.007076 0.012580
2 0.258075 0.534096 0.007493 0.013320
2 0.263903 0.533726 0.007493 0.013320
2 0.270251 0.534096 0.008117 0.012580
2 0.276286 0.534281 0.008117 0.012950
2 0.282114 0.534096 0.007701 0.012580
2 0.288357 0.534096 0.007701 0.014060
2 0.294601 0.534651 0.008533 0.012950
2 0.038191 0.681541 0.003122 0.012210
2 0.042353 0.681726 0.007701 0.014060
2 0.048389 0.681171 0.008533 0.012950
2 0.054321 0.682281 0.007909 0.013690
2 0.060668 0.681541 0.008117 0.012950
2 0.066496 0.682096 0.008117 0.012580
2 0.072324 0.681726 0.008117 0.012580
2 0.078671 0.681911 0.007909 0.013690
2 0.084603 0.682466 0.008117 0.012580
2 0.090639 0.682466 0.008533 0.013320
2 0.096570 0.682836 0.007909 0.013320
2 0.102398 0.682281 0.007909 0.012950
2 0.108537 0.682281 0.007701 0.012950
2 0.114469 0.683021 0.008325 0.013690
2 0.120296 0.683206 0.007909 0.013320
2 0.126332 0.683021 0.007909 0.012950
2 0.132368 0.683391 0.007493 0.013690
2 0.138299 0.683206 0.007701 0.013320
2 0.144127 0.683391 0.007701 0.012950
2 0.150162 0.683576 0.007701 0.014060
2 0.156302 0.683946 0.008325 0.014060
2 0.161921 0.683576 0.008325 0.012580
2 0.167645 0.684131 0.007284 0.013690
2 0.173889 0.684501 0.007701 0.012950
2 0.179924 0.684686 0.007701 0.012580
2 0.185648 0.684501 0.007909 0.012950
2 0.191787 0.685056 0.008117 0.012580
2 0.197511 0.684871 0.008741 0.012950
2 0.203130 0.685056 0.007909 0.013320
2 0.209270 0.685426 0.007701 0.013320
2 0.214993 0.685611 0.007909 0.012950
2 0.220821 0.686351 0.008325 0.012950
2 0.227065 0.686536 0.007909 0.012580
2 0.232996 0.686721 0.007284 0.012210
2 0.238928 0.686351 0.007909 0.012950
2 0.244651 0.686906 0.007701 0.014060
2 0.250999 0.686906 0.007909 0.012580
2 0.256722 0.687276 0.008117 0.014060
2 0.262758 0.687646 0.007284 0.013320
2 0.269002 0.687646 0.008533 0.013320
2 0.274725 0.688201 0.008741 0.013690
2 0.280865 0.688386 0.008117 0.013320
2 0.287109 0.688016 0.007701 0.013320
2 0.292832 0.688201 0.008325 0.013690
2 0.300221 0.534096 0.008949 0.013320
2 0.306360 0.535206 0.007909 0.013320
2 0.312292 0.534836 0.008533 0.014060
2 0.318432 0.534836 0.008325 0.014060
2 0.324363 0.534836 0.008117 0.014060
2 0.330607 0.535021 0.008117 0.013690
2 0.336747 0.535391 0.007909 0.013690
2 0.342886 0.535206 0.008117 0.013320
2 0.349130 0.535021 0.008949 0.013690
2 0.355166 0.535391 0.008533 0.013690
2 0.361097 0.535946 0.007909 0.013320
2 0.299076 0.688386 0.008741 0.014060
2 0.304903 0.688756 0.008325 0.014060
2 0.311355 0.688756 0.008325 0.013320
2 0.317183 0.688941 0.007909 0.012950
2 0.323323 0.689126 0.008117 0.013320
2 0.329254 0.689311 0.007909 0.012210
2 0.335602 0.689681 0.008117 0.012950
2 0.341638 0.689681 0.008533 0.013690
2 0.347673 0.689681 0.008533 0.012210
2 0.354021 0.689866 0.008325 0.012580
2 0.360161 0.690236 0.009366 0.013320
0 0.355062 0.570171 0.020396 0.061050
0 0.354853 0.626041 0.019980 0.061050
0 0.354541 0.669701 0.021021 0.031450
0 0.308233 0.668406 0.037463 0.031820
0 0.336747 0.555741 0.038295 0.031450
0 0.281177 0.553891 0.038295 0.031450
0 0.253184 0.667296 0.038503 0.031820
0 0.199384 0.665631 0.036630 0.031450
0 0.226648 0.553891 0.037046 0.033670
0 0.172744 0.551671 0.037879 0.032930
0 0.146104 0.663781 0.038295 0.031450
0 0.119568 0.551856 0.038503 0.033300
0 0.092095 0.662856 0.037254 0.031820
0 0.065455 0.550376 0.038087 0.030340
0 0.047765 0.564251 0.020188 0.059570
0 0.047244 0.618641 0.020813 0.062530
0 0.046308 0.661006 0.020188 0.031820
1 0.065976 0.592001 0.037879 0.060310
1 0.065247 0.646946 0.038087 0.060680
1 0.092408 0.564991 0.037046 0.061790
1 0.092616 0.619936 0.037046 0.062160
1 0.119360 0.592001 0.037671 0.061050
1 0.119152 0.648796 0.038087 0.059940
1 0.146208 0.566286 0.037254 0.060680
1 0.146208 0.621601 0.037254 0.061790
1 0.173056 0.594221 0.037671 0.061790
1 0.172848 0.649906 0.037671 0.059940
1 0.199904 0.567581 0.037254 0.061790
1 0.199384 0.622896 0.037463 0.061420
1 0.226440 0.595516 0.038711 0.062160
1 0.226648 0.651571 0.037879 0.061790
1 0.253705 0.568506 0.038295 0.062900
1 0.253809 0.625116 0.038087 0.061420
1 0.281073 0.596626 0.038503 0.062160
1 0.281073 0.652681 0.038503 0.061050
1 0.308962 0.570541 0.038919 0.061050
1 0.308546 0.626226 0.038503 0.061420
1 0.336538 0.598106 0.039128 0.061420
1 0.336643 0.654531 0.038503 0.061050