2 0.990666 0.473304 0.018668 0.053391
2 0.971997 0.472583 0.026786 0.049062
2 0.950081 0.470418 0.026786 0.044733
2 0.928571 0.474026 0.025974 0.043290
2 0.911526 0.472583 0.029221 0.046176
2 0.886364 0.472583 0.025974 0.046176
2 0.867289 0.475469 0.023539 0.049062
2 0.846997 0.474026 0.030032 0.046176
2 0.829951 0.473304 0.030032 0.050505
2 0.806412 0.473304 0.026786 0.047619
2 0.785308 0.477867 0.028409 0.050038
2 0.765016 0.475830 0.030032 0.042569
2 0.743912 0.477994 0.030032 0.046898
2 0.721997 0.476190 0.028409 0.041847
2 0.702110 0.478626 0.027597 0.042749
2 0.681006 0.479076 0.029221 0.047619
2 0.658685 0.477633 0.030032 0.044733
2 0.637987 0.476190 0.030844 0.044733
2 0.616883 0.479076 0.025974 0.047619
2 0.595779 0.480519 0.027597 0.047619
2 0.573864 0.482203 0.030844 0.045094
2 0.552760 0.483075 0.027597 0.046958
2 0.531149 0.483105 0.025365 0.045695
2 0.510856 0.482504 0.024689 0.045695
2 0.488535 0.482804 0.026042 0.045094
2 0.467735 0.483105 0.026380 0.044493
2 0.446936 0.484307 0.027394 0.045695
2 0.425291 0.484608 0.026718 0.042689
2 0.404660 0.485209 0.026718 0.046296
2 0.383523 0.485510 0.026380 0.043290
2 0.369656 0.485510 0.012852 0.045695
0 0.397051 0.417569 0.071023 0.108225
0 0.558036 0.415765 0.137311 0.117845
0 0.750271 0.410293 0.132576 0.115440
0 0.935065 0.407648 0.129870 0.115440
0 0.396104 0.276335 0.073052 0.227994
0 0.391640 0.094156 0.088474 0.188312
0 0.462662 0.045094 0.137987 0.090188
0 0.646916 0.042208 0.125000 0.084416
0 0.840097 0.040765 0.121753 0.081530
0 0.986201 0.038600 0.027597 0.077200
1 0.460633 0.168110 0.133929 0.219336
1 0.460227 0.363636 0.136364 0.215007
1 0.555195 0.088384 0.139610 0.176768
1 0.556412 0.269120 0.142045 0.225108
1 0.655032 0.362193 0.139610 0.217893
1 0.649351 0.167388 0.144481 0.217893
1 0.741477 0.089105 0.143669 0.178210
1 0.746753 0.262626 0.141234 0.215007
1 0.839286 0.166667 0.139610 0.216450
1 0.843344 0.357864 0.134740 0.206349
1 0.932224 0.089105 0.135552 0.178210
1 0.933442 0.259740 0.133116 0.223665
1 0.979708 0.348485 0.040584 0.210678
1 0.979708 0.155844 0.040584 0.217893