2 0.107080 0.305250 0.006036 0.018870
2 0.113428 0.305620 0.010406 0.018870
2 0.122794 0.305435 0.010823 0.019240
2 0.131223 0.305435 0.011031 0.018500
2 0.140068 0.305990 0.011239 0.018870
2 0.148914 0.305990 0.011447 0.018870
2 0.157759 0.306175 0.011239 0.019240
2 0.166604 0.305990 0.011447 0.018870
2 0.175033 0.306175 0.010823 0.018500
2 0.183879 0.305805 0.011031 0.019240
2 0.192516 0.306360 0.010823 0.018130
2 0.201465 0.305805 0.010406 0.017760
2 0.210206 0.305990 0.011239 0.018870
2 0.218740 0.305435 0.011239 0.019240
2 0.227793 0.306175 0.011447 0.019240
2 0.236534 0.305805 0.011447 0.018500
2 0.245171 0.306175 0.010823 0.019240
2 0.254017 0.306545 0.011031 0.019240
2 0.263174 0.306175 0.010614 0.018500
2 0.272124 0.306360 0.011031 0.018870
2 0.280865 0.306175 0.011031 0.019240
2 0.290231 0.306545 0.011031 0.019240
2 0.298868 0.306545 0.011239 0.019240
2 0.308025 0.306730 0.011239 0.019610
2 0.316975 0.306730 0.010823 0.018870
2 0.104271 0.530951 0.004163 0.017390
2 0.110306 0.531321 0.011239 0.018870
2 0.118944 0.531691 0.011031 0.018870
2 0.127789 0.531691 0.010823 0.018870
2 0.136842 0.531691 0.011447 0.018130
2 0.145792 0.531876 0.011447 0.018500
2 0.154325 0.532616 0.010614 0.018500
2 0.163170 0.532616 0.010823 0.019240
2 0.172120 0.532616 0.010406 0.018500
2 0.180757 0.532431 0.010614 0.018870
2 0.189290 0.532986 0.010614 0.019980
2 0.198239 0.532986 0.010614 0.019240
2 0.206772 0.533356 0.010198 0.019980
2 0.215618 0.533911 0.010823 0.018870
2 0.224983 0.533911 0.011239 0.019610
2 0.233516 0.533911 0.011239 0.018870
2 0.242882 0.533726 0.010406 0.018500
2 0.251832 0.534281 0.011239 0.019610
2 0.260573 0.534836 0.011239 0.019240
2 0.269626 0.534466 0.011031 0.019980
2 0.278367 0.533911 0.011031 0.018870
2 0.287421 0.534836 0.010406 0.019980
2 0.296266 0.535206 0.010614 0.019240
2 0.305424 0.535946 0.011447 0.019980
2 0.314477 0.535761 0.011239 0.019610
2 0.323635 0.535946 0.010823 0.020720
2 0.325820 0.306360 0.011031 0.018870
2 0.334665 0.305990 0.010823 0.019610
2 0.343927 0.306915 0.011031 0.018500
2 0.352980 0.307285 0.011655 0.019240
2 0.362138 0.307285 0.011239 0.018500
2 0.371399 0.307100 0.011031 0.018130
2 0.380037 0.306730 0.011655 0.018130
2 0.389298 0.307100 0.011031 0.019610
2 0.398560 0.306915 0.011239 0.018500
2 0.408029 0.307100 0.011447 0.018870
2 0.416875 0.307285 0.010406 0.019240
2 0.426032 0.307470 0.011655 0.018870
2 0.435086 0.308025 0.011863 0.019240
2 0.444347 0.307470 0.011239 0.018870
2 0.453193 0.308025 0.011447 0.019240
2 0.462558 0.308210 0.011031 0.018870
2 0.471924 0.307655 0.010614 0.019240
2 0.481185 0.308580 0.011239 0.018870
2 0.489927 0.308210 0.011239 0.019610
2 0.499188 0.308765 0.011863 0.019240
2 0.508554 0.308765 0.010614 0.019240
2 0.517920 0.308950 0.011031 0.019610
2 0.526869 0.308950 0.011447 0.018870
2 0.536339 0.308950 0.010406 0.018130
2 0.545288 0.309505 0.010823 0.018500
2 0.554862 0.309875 0.010823 0.018500
2 0.332688 0.536316 0.011031 0.019980
2 0.341846 0.536686 0.011031 0.019980
2 0.351211 0.536501 0.011031 0.019610
2 0.360265 0.536316 0.010406 0.017760
2 0.369318 0.536686 0.010614 0.017760
2 0.378372 0.536686 0.011239 0.018500
2 0.387113 0.537056 0.011655 0.018500
2 0.396583 0.537796 0.011031 0.019240
2 0.405220 0.537241 0.011655 0.018870
2 0.414898 0.537426 0.011447 0.019240
2 0.423951 0.537981 0.011239 0.019610
2 0.433213 0.537981 0.011031 0.018870
2 0.442370 0.538351 0.011031 0.018870
2 0.451528 0.537981 0.011031 0.018130
2 0.460893 0.537981 0.011863 0.018870
2 0.469843 0.538536 0.011447 0.019980
2 0.479208 0.538721 0.011447 0.018870
2 0.488262 0.538906 0.011239 0.019240
2 0.497419 0.539461 0.011655 0.020350
2 0.506785 0.539461 0.011239 0.021090
2 0.515838 0.539831 0.011447 0.020350
2 0.525412 0.539831 0.011447 0.021090
2 0.534361 0.540386 0.011863 0.019980
2 0.543519 0.540386 0.011863 0.019980
2 0.552989 0.540386 0.011239 0.019980
2 0.563811 0.310060 0.011655 0.018870
2 0.572969 0.309690 0.011239 0.019610
2 0.582438 0.310245 0.011447 0.018500
2 0.591284 0.310060 0.011655 0.018130
2 0.562042 0.540571 0.011447 0.019610
2 0.571928 0.541311 0.011239 0.020350
2 0.581190 0.541311 0.011031 0.020350
2 0.590243 0.541681 0.011239 0.021090
0 0.118506 0.354618 0.030032 0.090909
0 0.117492 0.439394 0.031250 0.091631
0 0.117086 0.501804 0.030438 0.049062
0 0.145292 0.335498 0.056006 0.049784
0 0.224026 0.336219 0.057630 0.048341
0 0.182630 0.502886 0.056006 0.048341
0 0.305804 0.335498 0.058036 0.048341
0 0.263393 0.505051 0.056818 0.048341
0 0.387581 0.338384 0.057630 0.048341
0 0.344765 0.506133 0.055601 0.050505
0 0.470170 0.338023 0.058847 0.049062
0 0.426948 0.508297 0.057630 0.049062
0 0.553774 0.339466 0.057224 0.049062
0 0.511364 0.510101 0.059253 0.049784
0 0.581372 0.510823 0.032062 0.048341
0 0.581372 0.445166 0.032873 0.091631
0 0.581169 0.362193 0.030844 0.094517
1 0.144278 0.396825 0.055601 0.093074
1 0.143060 0.481962 0.056412 0.093074
1 0.184456 0.356782 0.053977 0.090909
1 0.184253 0.439755 0.055195 0.090909
1 0.224026 0.398629 0.057630 0.093795
1 0.223011 0.481962 0.058036 0.091631
1 0.263596 0.358225 0.058036 0.095238
1 0.264205 0.440837 0.057630 0.091631
1 0.304789 0.399351 0.057630 0.093795
1 0.304180 0.483405 0.058847 0.094517
1 0.346185 0.358225 0.059253 0.092352
1 0.346388 0.443001 0.058036 0.093074
1 0.387581 0.401876 0.057630 0.095960
1 0.387175 0.486291 0.059253 0.091631
1 0.428977 0.359307 0.057630 0.091631
1 0.429180 0.443723 0.058036 0.094517
1 0.470576 0.401515 0.059659 0.095238
1 0.512378 0.359668 0.058036 0.092352
1 0.512784 0.444805 0.057224 0.090909
1 0.470779 0.486652 0.059253 0.090909
1 0.553166 0.402958 0.059253 0.093795
1 0.553571 0.488456 0.059253 0.093074