2 0.918019 0.342713 0.029221 0.046176
2 0.896916 0.340548 0.024351 0.044733
2 0.877435 0.339105 0.027597 0.044733
2 0.856331 0.338384 0.027597 0.043290
2 0.835227 0.336941 0.025974 0.043290
2 0.817776 0.338384 0.026786 0.046176
2 0.797078 0.336941 0.030844 0.046176
2 0.776380 0.334776 0.028409 0.047619
2 0.757305 0.335498 0.029221 0.046176
2 0.735390 0.336941 0.027597 0.043290
2 0.715503 0.336941 0.026786 0.043290
2 0.696429 0.337662 0.032468 0.047619
2 0.675325 0.334055 0.029221 0.046176
2 0.655438 0.334776 0.030032 0.047619
2 0.634334 0.335498 0.028409 0.046176
2 0.613636 0.337130 0.027597 0.046554
2 0.594156 0.335498 0.027597 0.049062
2 0.573593 0.338075 0.026283 0.043290
2 0.551948 0.337731 0.027056 0.046726
2 0.531463 0.338075 0.027829 0.046039
2 0.511943 0.338075 0.028216 0.044664
2 0.490685 0.337044 0.028216 0.045351
2 0.470006 0.337387 0.027056 0.043290
2 0.449907 0.337731 0.026283 0.043977
2 0.428842 0.338075 0.025897 0.043290
2 0.408936 0.337731 0.027056 0.041229
2 0.388451 0.339105 0.025510 0.045351
2 0.367965 0.338762 0.025510 0.043290
2 0.347866 0.339449 0.026283 0.044664
2 0.328154 0.339449 0.026283 0.044664
2 0.307669 0.339105 0.023964 0.043977
2 0.288149 0.339105 0.025124 0.041229
2 0.267471 0.339449 0.025510 0.043290
2 0.248338 0.340480 0.025124 0.039854
2 0.227853 0.340823 0.025897 0.044664
2 0.207947 0.340823 0.024737 0.043290
2 0.189394 0.341854 0.024737 0.043977
2 0.170648 0.342541 0.025124 0.042603
2 0.150935 0.341167 0.022805 0.042603
2 0.131030 0.341510 0.024737 0.044664
2 0.110737 0.342197 0.024351 0.043290
2 0.091605 0.341167 0.025510 0.042603
2 0.072086 0.341510 0.025897 0.041916
2 0.052566 0.341167 0.024737 0.042603
2 0.033047 0.341510 0.025897 0.043290
2 0.012562 0.341854 0.025124 0.041229
2 0.002319 0.340823 0.004638 0.051536
2 0.008890 0.844843 0.017780 0.048100
2 0.024737 0.844843 0.025510 0.045351
2 0.045609 0.843125 0.025510 0.044664
2 0.066095 0.844499 0.025510 0.043290
2 0.085614 0.844499 0.024351 0.046039
2 0.105519 0.844156 0.024737 0.046726
2 0.126005 0.843812 0.027056 0.044664
2 0.145138 0.843812 0.027443 0.044664
2 0.165237 0.844843 0.025124 0.043977
2 0.185142 0.843812 0.025510 0.043290
2 0.203888 0.844156 0.025124 0.042603
2 0.224954 0.844843 0.023964 0.043977
2 0.244086 0.846904 0.024351 0.045351
2 0.263605 0.847592 0.023964 0.043977
2 0.284477 0.847248 0.026283 0.043290
2 0.304383 0.847592 0.025124 0.042603
2 0.323709 0.847935 0.025897 0.044664
2 0.344388 0.847935 0.024737 0.043290
2 0.365066 0.848622 0.024351 0.043290
2 0.385359 0.849997 0.025510 0.041916
2 0.405844 0.848966 0.026283 0.042603
2 0.424204 0.851027 0.025897 0.041229
2 0.445269 0.851027 0.023964 0.042603
2 0.465561 0.852745 0.025897 0.046039
2 0.486820 0.851027 0.025897 0.048100
2 0.506339 0.851027 0.027056 0.045351
2 0.526631 0.851027 0.028216 0.045351
2 0.548083 0.852745 0.025510 0.044664
2 0.568182 0.853089 0.027829 0.048100
2 0.589827 0.853432 0.025510 0.044664
2 0.609733 0.854119 0.026670 0.046039
2 0.630798 0.853089 0.027056 0.048100
2 0.650897 0.851714 0.027056 0.045351
2 0.673122 0.852058 0.027443 0.044664
2 0.692061 0.853776 0.025897 0.045351
2 0.712546 0.852058 0.025124 0.041916
2 0.734191 0.852745 0.025897 0.044664
2 0.753517 0.852745 0.025897 0.043290
2 0.774003 0.849997 0.026670 0.043290
2 0.793135 0.850684 0.023964 0.043290
2 0.814587 0.850684 0.028216 0.044664
2 0.834686 0.849997 0.024351 0.041916
2 0.855172 0.849997 0.025897 0.041916
2 0.875850 0.849653 0.024737 0.043977
2 0.895949 0.850684 0.027056 0.043290
2 0.918561 0.850684 0.028989 0.043290
0 0.897321 0.453824 0.072240 0.210678
0 0.895698 0.639250 0.070617 0.209235
0 0.897321 0.777056 0.070617 0.124098
0 0.836039 0.406205 0.128247 0.118326
0 0.651380 0.405483 0.130682 0.122655
0 0.465909 0.401154 0.131494 0.119769
0 0.281656 0.405483 0.128247 0.119769
0 0.101461 0.409812 0.137987 0.119769
0 0.040179 0.775613 0.080357 0.112554
0 0.189123 0.777056 0.134740 0.109668
0 0.371347 0.782107 0.132305 0.116883
0 0.558847 0.785714 0.133929 0.109668
0 0.745130 0.785714 0.137987 0.106782
1 0.039367 0.453102 0.078734 0.220779
1 0.039773 0.642136 0.079545 0.220779
1 0.103896 0.543290 0.128247 0.222222
1 0.101867 0.730159 0.129058 0.215007
1 0.191558 0.455267 0.128247 0.219336
1 0.191558 0.639971 0.126623 0.225108
1 0.281656 0.546898 0.137987 0.215007
1 0.280844 0.737374 0.133117 0.215007
1 0.372971 0.454545 0.135552 0.215007
1 0.373377 0.640693 0.131494 0.212121
1 0.463474 0.548341 0.137987 0.212121
1 0.465097 0.735931 0.133117 0.220779
1 0.558442 0.453824 0.134740 0.207792
1 0.558847 0.643579 0.133929 0.226551
1 0.650568 0.546898 0.137175 0.220779
1 0.650568 0.738095 0.138799 0.216450
1 0.743506 0.457431 0.136364 0.212121
1 0.743912 0.640693 0.133929 0.220779
1 0.836445 0.544012 0.127435 0.212121
1 0.836445 0.732323 0.130682 0.213564