2 0.067641 0.311448 0.013528 0.048100
2 0.083424 0.309043 0.027958 0.046497
2 0.105294 0.309844 0.026605 0.048100
2 0.126939 0.309844 0.027507 0.048100
2 0.148359 0.308642 0.028860 0.045695
2 0.170905 0.308241 0.028860 0.044893
2 0.192325 0.309043 0.028409 0.044893
2 0.214196 0.309043 0.027958 0.046497
2 0.236066 0.309043 0.028409 0.046497
2 0.257711 0.309444 0.027507 0.045695
2 0.280258 0.309444 0.027507 0.045695
2 0.302354 0.308241 0.028409 0.046497
2 0.324224 0.308241 0.028860 0.044893
2 0.347222 0.308642 0.027958 0.048902
2 0.369093 0.308642 0.027507 0.045695
2 0.391640 0.309444 0.028409 0.045695
2 0.414412 0.309043 0.027958 0.046497
2 0.437184 0.309444 0.028409 0.047298
2 0.458829 0.309844 0.029311 0.048100
2 0.481376 0.310245 0.026605 0.045695
2 0.504149 0.309043 0.027958 0.046497
2 0.526921 0.310245 0.027507 0.045695
2 0.549017 0.309043 0.030213 0.046497
2 0.063131 0.867805 0.013528 0.046497
2 0.077787 0.868607 0.027507 0.046497
2 0.100108 0.868206 0.028860 0.048902
2 0.123106 0.869008 0.027958 0.047298
2 0.145202 0.867805 0.029762 0.046497
2 0.167523 0.869809 0.028409 0.047298
2 0.189845 0.870611 0.027958 0.047298
2 0.211715 0.871413 0.028409 0.045695
2 0.232909 0.871813 0.026605 0.044893
2 0.255231 0.873818 0.027056 0.047298
2 0.277101 0.873016 0.028409 0.045695
2 0.299423 0.874218 0.027958 0.048100
2 0.321519 0.875421 0.026154 0.047298
2 0.344066 0.876623 0.028860 0.046497
2 0.366613 0.876223 0.027958 0.048902
2 0.389385 0.877024 0.029311 0.047298
2 0.411932 0.877425 0.029311 0.046497
2 0.434479 0.876623 0.029311 0.046497
2 0.457026 0.877425 0.027507 0.048100
2 0.479798 0.877425 0.027958 0.046497
2 0.502570 0.877024 0.027507 0.045695
2 0.525117 0.877425 0.029311 0.048100
2 0.571564 0.309444 0.029311 0.048902
2 0.594787 0.309043 0.027958 0.049703
2 0.617109 0.309444 0.028409 0.047298
2 0.639430 0.310646 0.029762 0.046497
2 0.662202 0.311047 0.028409 0.045695
2 0.684749 0.311849 0.028409 0.047298
2 0.706845 0.311047 0.026605 0.045695
2 0.729843 0.311448 0.027507 0.046497
2 0.751939 0.312249 0.028409 0.048100
2 0.773810 0.311849 0.028860 0.047298
2 0.796356 0.312249 0.027958 0.046497
2 0.818001 0.313051 0.027056 0.044893
2 0.840097 0.313452 0.027958 0.047298
2 0.861742 0.314254 0.027056 0.048902
2 0.883613 0.314254 0.028409 0.047298
2 0.906836 0.315055 0.029762 0.047298
2 0.928707 0.315055 0.026605 0.047298
2 0.951479 0.313853 0.027958 0.046497
2 0.973575 0.315055 0.027958 0.047298
2 0.990846 0.315857 0.018308 0.048902
2 0.546988 0.878628 0.028860 0.048902
2 0.570662 0.879429 0.028409 0.048902
2 0.592983 0.878628 0.028860 0.048902
2 0.615530 0.879028 0.028860 0.049703
2 0.638077 0.879429 0.028860 0.047298
2 0.660624 0.878628 0.029762 0.047298
2 0.683847 0.877826 0.028409 0.045695
2 0.705943 0.877826 0.030213 0.045695
2 0.728490 0.878227 0.027507 0.044893
2 0.750361 0.879429 0.028860 0.045695
2 0.772231 0.879028 0.026605 0.046497
2 0.794778 0.877826 0.027507 0.047298
2 0.816198 0.877024 0.027056 0.047298
2 0.839196 0.877826 0.029762 0.048902
2 0.861968 0.878227 0.030213 0.044893
2 0.884289 0.878227 0.029762 0.046497
2 0.907287 0.879830 0.027958 0.049703
2 0.929383 0.879830 0.029762 0.048100
2 0.952832 0.880231 0.028860 0.048902
2 0.975604 0.879830 0.030213 0.046497
2 0.991748 0.879830 0.016504 0.049703
0 0.950487 0.387205 0.099026 0.117845
0 0.871889 0.804874 0.140242 0.119448
0 0.669192 0.806077 0.140693 0.115440
0 0.769977 0.385602 0.141144 0.119448
0 0.563898 0.382395 0.142045 0.116242
0 0.463113 0.804473 0.140693 0.118647
0 0.260868 0.800465 0.138438 0.120250
0 0.360750 0.381995 0.139791 0.115440
0 0.161887 0.380391 0.132576 0.117043
0 0.095824 0.434504 0.070797 0.215649
0 0.094697 0.640933 0.072150 0.227674
0 0.094021 0.794052 0.073503 0.121853
1 0.161436 0.536316 0.137085 0.226872
1 0.161210 0.741542 0.137536 0.225269
1 0.259966 0.438111 0.137536 0.224467
1 0.261093 0.642136 0.137987 0.223665
1 0.360299 0.539923 0.140693 0.222864
1 0.360750 0.749559 0.143398 0.218855
1 0.462437 0.436909 0.141144 0.226872
1 0.463339 0.645342 0.142045 0.223665
1 0.564574 0.541526 0.143398 0.224467
1 0.565702 0.748357 0.142045 0.222864
1 0.667839 0.439314 0.140693 0.225269
1 0.668516 0.648950 0.143849 0.226070
1 0.769526 0.542729 0.138438 0.226872
1 0.769977 0.753567 0.141144 0.222062
1 0.870310 0.440516 0.138889 0.219657
1 0.871663 0.647747 0.139791 0.223665
1 0.950712 0.543130 0.098575 0.221260
1 0.951163 0.751964 0.097673 0.225269