2 0.261822 0.365375 0.005411 0.017760
2 0.267129 0.366300 0.009782 0.016650
2 0.274829 0.365930 0.010198 0.017390
2 0.282322 0.366300 0.010614 0.016650
2 0.290022 0.366115 0.009782 0.015540
2 0.297931 0.366115 0.010198 0.017020
2 0.305216 0.366300 0.010198 0.015910
2 0.312916 0.366670 0.010198 0.015910
2 0.320513 0.366855 0.009574 0.016280
2 0.328318 0.366485 0.009782 0.017020
2 0.336018 0.366855 0.009782 0.017020
2 0.343719 0.367225 0.009366 0.016280
2 0.351315 0.367040 0.009574 0.015910
2 0.359016 0.367040 0.009574 0.016650
2 0.366821 0.367410 0.009782 0.017390
2 0.374521 0.367780 0.010198 0.016650
2 0.382118 0.367780 0.009574 0.016650
2 0.390131 0.368335 0.009782 0.017020
2 0.397831 0.368520 0.009782 0.015910
2 0.405324 0.368520 0.009782 0.016650
2 0.413441 0.368520 0.010198 0.016650
2 0.420725 0.367965 0.010198 0.016280
2 0.428842 0.368890 0.009782 0.016650
2 0.436751 0.368335 0.009782 0.016280
2 0.444035 0.368520 0.010198 0.017390
2 0.452256 0.368705 0.009990 0.017020
2 0.459853 0.369075 0.009782 0.017020
2 0.467761 0.368890 0.010198 0.015910
2 0.475254 0.369260 0.010198 0.015910
2 0.483267 0.369260 0.009990 0.015910
2 0.490863 0.369630 0.009782 0.015910
2 0.498876 0.369445 0.009990 0.017020
2 0.506473 0.369260 0.009782 0.016650
2 0.259116 0.560181 0.004579 0.015170
2 0.263799 0.559626 0.009782 0.014800
2 0.271707 0.560181 0.010198 0.016650
2 0.279408 0.560181 0.009366 0.016650
2 0.287109 0.560366 0.009366 0.017020
2 0.294705 0.560921 0.009574 0.017390
2 0.302510 0.561661 0.009782 0.015910
2 0.310211 0.560921 0.009782 0.016650
2 0.318119 0.561476 0.009366 0.017020
2 0.325196 0.561846 0.010198 0.017020
2 0.333313 0.562216 0.009782 0.016280
2 0.341013 0.562031 0.009782 0.017390
2 0.348610 0.562401 0.009574 0.016650
2 0.356310 0.562771 0.009574 0.016650
2 0.364323 0.562586 0.009782 0.016280
2 0.372232 0.562771 0.009782 0.017390
2 0.379933 0.563326 0.010198 0.016280
2 0.387841 0.563511 0.010614 0.017390
2 0.395438 0.563326 0.009990 0.017020
2 0.403139 0.563881 0.009990 0.016650
2 0.410631 0.563511 0.009990 0.017390
2 0.418540 0.563511 0.009574 0.016650
2 0.426449 0.563881 0.009574 0.016650
2 0.434149 0.564251 0.010406 0.015910
2 0.442266 0.564436 0.010406 0.017020
2 0.449759 0.564806 0.009990 0.017760
2 0.457459 0.564991 0.009990 0.015910
2 0.465680 0.565361 0.010198 0.017390
2 0.473173 0.564991 0.009782 0.017390
2 0.481290 0.565176 0.010198 0.017020
2 0.488782 0.565731 0.009782 0.015170
2 0.496587 0.565916 0.010406 0.015540
2 0.504391 0.565916 0.009366 0.017760
2 0.512404 0.566101 0.010823 0.017390
2 0.514590 0.369445 0.011031 0.017020
2 0.522082 0.370370 0.011447 0.016650
2 0.529991 0.370185 0.010198 0.017020
2 0.537900 0.370555 0.010198 0.017020
2 0.545704 0.370740 0.009990 0.016650
2 0.553925 0.370740 0.010614 0.016650
2 0.561418 0.371295 0.010198 0.016280
2 0.569431 0.370740 0.009990 0.016650
2 0.577131 0.370925 0.010406 0.017020
2 0.585144 0.371110 0.010614 0.016650
2 0.592949 0.371480 0.010406 0.016650
2 0.600441 0.371110 0.010406 0.015910
2 0.608662 0.371295 0.010614 0.017020
2 0.616259 0.371850 0.010406 0.017390
2 0.623959 0.372590 0.010406 0.017390
2 0.631868 0.372220 0.009990 0.016650
2 0.639673 0.372405 0.010198 0.017020
2 0.647269 0.372405 0.009990 0.017020
2 0.655698 0.372590 0.010198 0.018130
2 0.663295 0.372775 0.011239 0.017020
2 0.671100 0.373330 0.011031 0.017390
2 0.678592 0.373515 0.009782 0.017020
2 0.519897 0.566101 0.010406 0.017390
2 0.527701 0.565916 0.009782 0.017020
2 0.535610 0.566471 0.009366 0.016650
2 0.543311 0.566841 0.010198 0.018130
2 0.551532 0.566841 0.009990 0.017390
2 0.559232 0.567211 0.009990 0.017390
2 0.567141 0.567211 0.010406 0.017390
2 0.574946 0.567581 0.010198 0.017390
2 0.582751 0.567766 0.010406 0.017760
2 0.590555 0.567396 0.009782 0.017020
2 0.598464 0.567766 0.009782 0.017760
2 0.606373 0.568321 0.009782 0.018130
2 0.614073 0.568506 0.010198 0.017760
2 0.621878 0.568136 0.009990 0.017020
2 0.629787 0.568321 0.009574 0.016650
2 0.637800 0.568876 0.009782 0.017020
2 0.645500 0.569246 0.009782 0.017020
2 0.653409 0.569616 0.010614 0.017020
2 0.661214 0.569801 0.009990 0.017390
2 0.669123 0.568876 0.009990 0.015540
2 0.677239 0.569801 0.009990 0.018130
0 0.670371 0.417360 0.025391 0.077330
0 0.669851 0.488215 0.025599 0.079180
0 0.669851 0.542976 0.026432 0.042920
0 0.646957 0.398675 0.050158 0.040700
0 0.610535 0.543161 0.050991 0.041070
0 0.576403 0.397010 0.049326 0.041810
0 0.538836 0.540941 0.050366 0.042550
0 0.505224 0.395530 0.049742 0.038850
0 0.467970 0.540201 0.048909 0.041070
0 0.434149 0.394050 0.049950 0.041810
0 0.398144 0.537796 0.049118 0.040700
0 0.364115 0.392940 0.048909 0.040330
0 0.327485 0.536316 0.048909 0.041440
0 0.294705 0.391460 0.047869 0.041810
0 0.271291 0.409220 0.026016 0.076590
0 0.270459 0.481555 0.026016 0.077700
0 0.269002 0.534651 0.025599 0.040330
1 0.293977 0.444925 0.048077 0.078440
1 0.293040 0.517076 0.049118 0.078440
1 0.328422 0.409590 0.048701 0.078070
1 0.328109 0.481925 0.048909 0.078440
1 0.363699 0.446220 0.048909 0.077330
1 0.362762 0.518556 0.049534 0.076220
1 0.398664 0.412550 0.049326 0.078810
1 0.397935 0.484145 0.049118 0.079180
1 0.433525 0.448625 0.049950 0.079180
1 0.433629 0.520591 0.048493 0.077330
1 0.469114 0.413290 0.049118 0.078810
1 0.469322 0.485440 0.049534 0.077330
1 0.504496 0.449365 0.050366 0.082140
1 0.503871 0.521331 0.049534 0.078810
1 0.540293 0.414955 0.049118 0.077700
1 0.539773 0.486920 0.049742 0.078070
1 0.575466 0.450660 0.050366 0.078070
1 0.575258 0.521886 0.049950 0.080660
1 0.611680 0.416065 0.049534 0.078440
1 0.611056 0.488030 0.049118 0.076590
1 0.646749 0.452140 0.048493 0.079550
1 0.646333 0.525031 0.049326 0.076590