2 0.174721 0.565731 0.004371 0.013690
2 0.179196 0.565916 0.007909 0.013320
2 0.185127 0.565916 0.008117 0.014060
2 0.191163 0.566101 0.008117 0.013690
2 0.197199 0.566101 0.007701 0.014430
2 0.203442 0.565916 0.007701 0.012580
2 0.209686 0.566286 0.008117 0.013320
2 0.215618 0.567026 0.007909 0.013320
2 0.221445 0.566841 0.007909 0.012950
2 0.227689 0.567026 0.007493 0.012580
2 0.233933 0.567211 0.007909 0.012950
2 0.240072 0.567396 0.007701 0.013320
2 0.246108 0.567211 0.008117 0.012950
2 0.252352 0.567396 0.007701 0.014060
2 0.258387 0.567581 0.008117 0.013690
2 0.264527 0.567766 0.007909 0.013320
2 0.270563 0.568321 0.007493 0.013690
2 0.276911 0.568321 0.008117 0.012950
2 0.282842 0.568321 0.007909 0.012950
2 0.289190 0.568691 0.008117 0.012950
2 0.295434 0.568691 0.008533 0.012950
2 0.301573 0.568691 0.008325 0.013690
2 0.307713 0.569061 0.007701 0.013690
2 0.314061 0.568691 0.007909 0.012950
2 0.320409 0.568876 0.007701 0.013320
2 0.326548 0.569431 0.008325 0.013690
2 0.332688 0.569431 0.008533 0.012950
2 0.338828 0.569431 0.007909 0.012950
2 0.345280 0.569616 0.007909 0.012580
2 0.351732 0.569616 0.007909 0.013320
2 0.357559 0.570356 0.007909 0.013320
2 0.363803 0.570171 0.007909 0.012950
2 0.370359 0.570356 0.008117 0.012580
2 0.376603 0.570171 0.008117 0.012950
2 0.382846 0.570726 0.008117 0.013320
2 0.389298 0.570356 0.008117 0.012580
2 0.395230 0.570726 0.008325 0.013320
2 0.401578 0.570911 0.008533 0.013690
2 0.407925 0.570726 0.008325 0.013320
2 0.414481 0.570911 0.008949 0.012950
2 0.173576 0.721501 0.003330 0.013690
2 0.177323 0.722056 0.008325 0.014060
2 0.183254 0.722056 0.007701 0.013320
2 0.189394 0.722241 0.008325 0.013690
2 0.195534 0.722426 0.007701 0.013320
2 0.201673 0.722426 0.007909 0.013320
2 0.208021 0.722611 0.007701 0.012950
2 0.214057 0.722981 0.008117 0.013690
2 0.220092 0.723536 0.008117 0.014060
2 0.226128 0.724091 0.008117 0.013690
2 0.232060 0.723721 0.007909 0.013690
2 0.238199 0.723906 0.008117 0.013320
2 0.244651 0.724461 0.007701 0.012950
2 0.250687 0.724646 0.008533 0.014060
2 0.256722 0.724831 0.008117 0.013690
2 0.262758 0.725201 0.008117 0.014430
2 0.269106 0.725201 0.008325 0.014430
2 0.275454 0.725016 0.008117 0.014060
2 0.281489 0.725386 0.008117 0.014060
2 0.287941 0.725756 0.007284 0.013320
2 0.294185 0.725941 0.008533 0.013690
2 0.300221 0.726126 0.008533 0.013320
2 0.306048 0.726681 0.008533 0.013690
2 0.312604 0.726866 0.008325 0.013320
2 0.318640 0.726496 0.008741 0.014060
2 0.324988 0.726866 0.008533 0.013320
2 0.330919 0.727051 0.008741 0.013690
2 0.337787 0.727051 0.008325 0.013690
2 0.343823 0.727421 0.007909 0.014430
2 0.349963 0.727606 0.008949 0.014060
2 0.355998 0.727791 0.007701 0.012950
2 0.362554 0.728161 0.007909 0.013690
2 0.368902 0.728161 0.007701 0.013690
2 0.374833 0.728716 0.008325 0.014060
2 0.381285 0.728531 0.007909 0.013690
2 0.387737 0.728716 0.008325 0.013320
2 0.393669 0.728716 0.008117 0.013320
2 0.399913 0.729641 0.008117 0.013690
2 0.406469 0.729271 0.008325 0.013690
2 0.412608 0.729641 0.008117 0.013690
2 0.420413 0.571466 0.008325 0.014060
2 0.426969 0.571466 0.008117 0.013320
2 0.433213 0.571651 0.008533 0.014430
2 0.439665 0.571651 0.008117 0.013690
2 0.445804 0.571651 0.007909 0.013690
2 0.452464 0.571281 0.007909 0.013690
2 0.458396 0.571651 0.008117 0.013690
2 0.465056 0.572021 0.008533 0.014430
2 0.471300 0.572391 0.008117 0.013690
2 0.477855 0.572391 0.008325 0.014430
2 0.483787 0.572761 0.008533 0.013690
2 0.490343 0.572391 0.008741 0.013690
2 0.496483 0.572761 0.008533 0.013690
2 0.503039 0.573131 0.008741 0.014430
2 0.509491 0.572761 0.008325 0.013690
2 0.419060 0.730011 0.008117 0.013690
2 0.425512 0.730011 0.008533 0.013690
2 0.431652 0.730196 0.008741 0.013320
2 0.437895 0.730196 0.008741 0.013320
2 0.444035 0.730196 0.008949 0.013320
2 0.450487 0.730381 0.008949 0.013690
2 0.456835 0.730751 0.007909 0.015170
2 0.463079 0.730936 0.008741 0.014800
2 0.469635 0.730751 0.008533 0.014430
2 0.475982 0.731121 0.008325 0.014430
2 0.482434 0.731306 0.008325 0.014800
2 0.488678 0.731306 0.008325 0.014060
2 0.494922 0.731306 0.008325 0.014060
2 0.501478 0.732046 0.008117 0.014060
2 0.508034 0.732046 0.008741 0.014060
0 0.502726 0.608281 0.020188 0.061050
0 0.502310 0.666926 0.021021 0.063640
0 0.501790 0.710401 0.021229 0.035150
0 0.483579 0.593296 0.040584 0.034780
0 0.454129 0.708921 0.040376 0.033670
0 0.426449 0.591631 0.039960 0.035150
0 0.397311 0.709291 0.039960 0.034410
0 0.368694 0.590521 0.041001 0.035150
0 0.340285 0.706516 0.038711 0.034780
0 0.311563 0.589781 0.040376 0.035150
0 0.256306 0.587931 0.039336 0.032930
0 0.284091 0.704666 0.039544 0.034040
0 0.227585 0.703186 0.037671 0.035520
0 0.201465 0.586081 0.037463 0.036630
0 0.182630 0.600511 0.020188 0.061050
0 0.182526 0.657121 0.020396 0.062530
0 0.181069 0.701151 0.019980 0.033670
1 0.200633 0.629371 0.038295 0.064010
1 0.200008 0.687091 0.038295 0.063270
1 0.228001 0.602731 0.038087 0.063270
1 0.228001 0.659526 0.038919 0.062160
1 0.255474 0.631961 0.039752 0.063270
1 0.255370 0.689496 0.039960 0.063640
1 0.283883 0.604211 0.038711 0.063270
1 0.283571 0.661931 0.039752 0.064010
1 0.311459 0.632886 0.039752 0.064380
1 0.311563 0.690606 0.039960 0.065120
1 0.340701 0.605136 0.039544 0.064380
1 0.339973 0.662301 0.039336 0.064010
1 0.368798 0.634551 0.040793 0.064010
1 0.368278 0.692641 0.040168 0.065490
1 0.397207 0.606061 0.040168 0.064750
1 0.396791 0.664521 0.040584 0.064750
1 0.425512 0.635476 0.040584 0.064380
1 0.425616 0.694676 0.040793 0.062160
1 0.454545 0.606431 0.040793 0.064750
1 0.454337 0.666001 0.040793 0.064750
1 0.483267 0.636586 0.040793 0.064380
1 0.483059 0.695416 0.040376 0.063640