2 0.989622 0.651927 0.020756 0.047413
2 0.970547 0.651412 0.026670 0.042259
2 0.952574 0.648835 0.026670 0.045351
2 0.929963 0.650381 0.025510 0.042259
2 0.909671 0.651412 0.025510 0.042259
2 0.891408 0.650897 0.027250 0.041229
2 0.871115 0.652443 0.026090 0.046382
2 0.851113 0.654504 0.026670 0.044321
2 0.830821 0.652443 0.025510 0.044321
2 0.810529 0.651927 0.026670 0.041229
2 0.792556 0.652958 0.026670 0.041229
2 0.771104 0.654504 0.027829 0.042259
2 0.751391 0.655535 0.024351 0.042259
2 0.729940 0.655020 0.024351 0.041229
2 0.710227 0.654504 0.025510 0.042259
2 0.689645 0.656050 0.027250 0.039167
2 0.670513 0.655535 0.023771 0.042259
2 0.651090 0.657081 0.028989 0.043290
2 0.628769 0.656566 0.026090 0.044321
2 0.608476 0.655535 0.024930 0.044321
2 0.588474 0.656050 0.026670 0.041229
2 0.569051 0.657596 0.027250 0.046382
2 0.547310 0.657081 0.025510 0.043290
2 0.527018 0.656566 0.026670 0.040198
2 0.507885 0.656050 0.027829 0.043290
2 0.487013 0.656566 0.024351 0.044321
2 0.465851 0.656566 0.026090 0.042259
2 0.445849 0.656566 0.026670 0.042259
2 0.425557 0.658112 0.025510 0.047413
2 0.404105 0.657081 0.026670 0.045351
2 0.384682 0.657596 0.027250 0.046382
2 0.363810 0.657081 0.026090 0.043290
2 0.343518 0.657596 0.026090 0.042259
2 0.324385 0.659142 0.027250 0.043290
2 0.310181 0.658627 0.015074 0.046382
0 0.335401 0.770975 0.067834 0.198928
0 0.336271 0.928005 0.067254 0.143990
0 0.396568 0.723047 0.128711 0.119563
0 0.580937 0.720470 0.132189 0.116471
0 0.764726 0.719439 0.127551 0.110287
0 0.940631 0.718924 0.118738 0.115440
1 0.398017 0.862193 0.128131 0.208204
1 0.394828 0.973356 0.102041 0.053288
1 0.487303 0.770975 0.129290 0.207174
1 0.487303 0.928520 0.125812 0.142960
1 0.579487 0.867862 0.133929 0.217481
1 0.673122 0.769429 0.128711 0.212327
1 0.672252 0.928005 0.132769 0.143990
1 0.764726 0.865286 0.128711 0.212327
1 0.763857 0.971295 0.100301 0.057410
1 0.856621 0.766337 0.129290 0.214389
1 0.856041 0.925428 0.131609 0.149144
1 0.941211 0.859101 0.117578 0.212327
1 0.948516 0.969749 0.098562 0.060502
1 0.986433 0.943981 0.027134 0.112038
1 0.987013 0.765306 0.025974 0.158730