2 0.659237 0.965331 0.006036 0.018870
2 0.666209 0.964961 0.011239 0.020350
2 0.675262 0.964776 0.011447 0.019980
2 0.684212 0.964776 0.011447 0.019240
2 0.693889 0.964961 0.011655 0.018130
2 0.702735 0.964591 0.012279 0.019610
2 0.712100 0.965331 0.011447 0.021090
2 0.721362 0.965331 0.011655 0.018870
2 0.730311 0.965701 0.012071 0.019610
2 0.739365 0.964961 0.011447 0.019610
2 0.748834 0.964776 0.011239 0.017760
2 0.757784 0.965331 0.011239 0.019610
2 0.766733 0.964776 0.010823 0.020720
2 0.776203 0.965331 0.011863 0.019610
2 0.785152 0.965516 0.011447 0.019240
2 0.793998 0.965516 0.011239 0.019240
2 0.803675 0.966256 0.011031 0.019980
2 0.812729 0.966626 0.011239 0.019980
2 0.821782 0.966996 0.010614 0.019980
2 0.831148 0.966811 0.011447 0.018870
2 0.840410 0.966626 0.010823 0.019240
2 0.849671 0.967181 0.010614 0.019610
2 0.858829 0.966811 0.010614 0.019610
2 0.867986 0.967181 0.011863 0.021090
2 0.877248 0.967181 0.011655 0.019610
2 0.886613 0.967181 0.010823 0.019610
2 0.896291 0.967551 0.010198 0.018870
2 0.905137 0.968106 0.012071 0.019240
2 0.914606 0.968106 0.011863 0.019980
2 0.923556 0.968661 0.011031 0.018870
2 0.933337 0.969031 0.011447 0.019610
2 0.942807 0.969401 0.011239 0.020350
2 0.952069 0.969401 0.011447 0.019610
2 0.962163 0.969956 0.011239 0.019240
2 0.971528 0.970511 0.011655 0.019610
2 0.980686 0.970696 0.012071 0.021460
2 0.990468 0.972176 0.011655 0.019980
2 0.997107 0.971251 0.005786 0.021090
1 0.984724 0.988493 0.030552 0.023014
1 0.907114 0.987013 0.048909 0.025974
1 0.822927 0.986088 0.047453 0.027824
1 0.739573 0.985718 0.048493 0.028564
0 0.950508 0.987013 0.060773 0.025974
0 0.864864 0.985903 0.059316 0.028194
0 0.781406 0.985348 0.058483 0.029304
0 0.698468 0.984423 0.057026 0.031154
0 0.668290 0.985348 0.026640 0.029304