2 0.004445 0.205112 0.008890 0.035731
2 0.012948 0.206143 0.018939 0.033670
2 0.028602 0.205799 0.017780 0.031609
2 0.043097 0.206487 0.018939 0.032983
2 0.058558 0.207174 0.018166 0.031609
2 0.072665 0.207174 0.018553 0.034357
2 0.087160 0.206830 0.019712 0.032296
2 0.102814 0.209235 0.020099 0.032983
2 0.118081 0.208892 0.016620 0.030921
2 0.132189 0.209235 0.017780 0.031609
2 0.147070 0.209579 0.019712 0.033670
2 0.161178 0.210266 0.018553 0.030921
2 0.175866 0.210266 0.017780 0.030921
2 0.189974 0.210609 0.019712 0.031609
2 0.205241 0.208892 0.017780 0.030921
2 0.220315 0.210266 0.019326 0.032296
2 0.234230 0.209922 0.020872 0.032983
2 0.248338 0.209579 0.018939 0.032296
2 0.263799 0.209579 0.018939 0.030921
2 0.279066 0.210266 0.018553 0.032296
2 0.293174 0.209579 0.018166 0.030921
2 0.308248 0.210609 0.018939 0.030234
2 0.324096 0.211297 0.018939 0.031609
2 0.338590 0.210609 0.017780 0.031609
2 0.353857 0.210609 0.019712 0.030234
2 0.367965 0.209922 0.019326 0.028860
2 0.383619 0.210266 0.018939 0.030921
2 0.398694 0.211297 0.018166 0.032983
2 0.413575 0.210953 0.018553 0.032296
2 0.429035 0.211297 0.018553 0.032983
2 0.444303 0.211640 0.019712 0.032296
2 0.459570 0.212671 0.018553 0.032983
2 0.475224 0.211640 0.018939 0.033670
2 0.007924 0.581323 0.015847 0.032296
2 0.021838 0.578918 0.017393 0.027486
2 0.035946 0.580293 0.017780 0.030234
2 0.051214 0.582011 0.017393 0.030921
2 0.066481 0.582698 0.018553 0.032296
2 0.080396 0.583041 0.019326 0.031609
2 0.095663 0.583385 0.018166 0.033670
2 0.110544 0.584072 0.019326 0.032296
2 0.125425 0.584759 0.018166 0.033670
2 0.140499 0.584416 0.018939 0.031609
2 0.154414 0.585446 0.018166 0.032296
2 0.168715 0.586133 0.018939 0.030921
2 0.183596 0.586477 0.017007 0.032983
2 0.198091 0.586477 0.017393 0.030234
2 0.211619 0.586821 0.018166 0.032296
2 0.227273 0.587851 0.018553 0.032983
2 0.242154 0.590600 0.018166 0.032983
2 0.257228 0.589569 0.018939 0.035044
2 0.272109 0.589226 0.017007 0.031609
2 0.286797 0.590256 0.018553 0.030921
2 0.302064 0.590256 0.018166 0.029547
2 0.317138 0.592318 0.019712 0.033670
2 0.331826 0.592318 0.018939 0.032296
2 0.346900 0.591974 0.018166 0.030234
2 0.362168 0.594036 0.017780 0.032983
2 0.377628 0.594723 0.017007 0.035731
2 0.393282 0.595066 0.018166 0.032296
2 0.408550 0.594379 0.017780 0.032296
2 0.423044 0.595066 0.019712 0.030921
2 0.438312 0.595753 0.020099 0.035044
2 0.453579 0.595410 0.018166 0.031609
2 0.468847 0.596097 0.020099 0.028860
2 0.490492 0.214045 0.019326 0.032983
2 0.505179 0.215076 0.019326 0.033670
2 0.520833 0.213014 0.019712 0.029547
2 0.535714 0.213702 0.020099 0.032296
2 0.550788 0.215076 0.020099 0.035044
2 0.566829 0.215763 0.018166 0.033670
2 0.582096 0.216794 0.019326 0.032983
2 0.596977 0.215420 0.019712 0.034357
2 0.613018 0.216450 0.018553 0.033670
2 0.628285 0.216794 0.019712 0.031609
2 0.643746 0.217137 0.018166 0.032296
2 0.658627 0.217481 0.019326 0.031609
2 0.674281 0.218168 0.019712 0.030234
2 0.689742 0.218855 0.019712 0.032983
2 0.705589 0.219886 0.018939 0.032296
2 0.484694 0.596784 0.017780 0.034357
2 0.500348 0.599189 0.018166 0.036419
2 0.515229 0.598502 0.019326 0.035044
2 0.530883 0.598846 0.018166 0.034357
2 0.545377 0.599876 0.019326 0.035044
2 0.561611 0.599533 0.018553 0.031609
2 0.576685 0.600563 0.018553 0.035044
2 0.592726 0.599876 0.018939 0.033670
2 0.606834 0.601251 0.019326 0.035044
2 0.623067 0.601251 0.018553 0.035044
2 0.638721 0.601251 0.018939 0.032296
2 0.653602 0.603999 0.019326 0.033670
2 0.669256 0.603312 0.018939 0.033670
2 0.684717 0.604343 0.018939 0.035731
2 0.700564 0.603999 0.019712 0.033670
0 0.689162 0.306122 0.054113 0.152546
0 0.687809 0.445956 0.049861 0.150484
0 0.686070 0.550058 0.051793 0.076960
0 0.642393 0.266955 0.095857 0.082457
0 0.568375 0.551776 0.100881 0.081770
0 0.503053 0.264894 0.097016 0.081083
0 0.429035 0.546623 0.098176 0.082457
0 0.364100 0.261802 0.099722 0.079022
0 0.229012 0.262145 0.092378 0.085206
0 0.292208 0.541126 0.095083 0.079709
0 0.159825 0.537346 0.093151 0.079022
0 0.095470 0.259053 0.092764 0.084519
0 0.035946 0.534598 0.071892 0.081770
0 0.003479 0.230193 0.006957 0.033670
1 0.005218 0.357658 0.010436 0.049474
1 0.037492 0.290318 0.074984 0.156669
1 0.036912 0.426373 0.073824 0.153920
1 0.002899 0.493369 0.005798 0.039167
1 0.094504 0.361094 0.093924 0.151172
1 0.093731 0.496805 0.094697 0.150484
1 0.162531 0.293067 0.094697 0.148423
1 0.161565 0.432213 0.089672 0.150484
1 0.227466 0.363843 0.095470 0.153920
1 0.225920 0.502989 0.093151 0.154607
1 0.296266 0.294097 0.093924 0.154607
1 0.293947 0.435305 0.097016 0.152546
1 0.363134 0.365904 0.097789 0.153920
1 0.360815 0.503676 0.093151 0.149110
1 0.433287 0.298564 0.098176 0.155294
1 0.430968 0.438054 0.099722 0.152546
1 0.500928 0.370714 0.098176 0.152546
1 0.499961 0.504020 0.096243 0.151172
1 0.572240 0.302343 0.098562 0.150484
1 0.572820 0.443551 0.098949 0.156669
1 0.641041 0.375180 0.099335 0.151859
1 0.641234 0.514327 0.095857 0.153920