2 0.430420 0.404842 0.009470 0.031265
2 0.441017 0.405644 0.018939 0.032868
2 0.457026 0.406045 0.018488 0.033670
2 0.472358 0.406045 0.018488 0.035273
2 0.487915 0.405243 0.019841 0.033670
2 0.503021 0.406846 0.020292 0.032067
2 0.518804 0.408049 0.021194 0.034472
2 0.533911 0.408049 0.019841 0.031265
2 0.549693 0.408450 0.018939 0.033670
2 0.564349 0.408450 0.019390 0.035273
2 0.580583 0.408850 0.020292 0.032868
2 0.595689 0.409652 0.020743 0.031265
2 0.611246 0.410053 0.018488 0.033670
2 0.626804 0.410454 0.018939 0.036075
2 0.642587 0.411656 0.018038 0.033670
2 0.657693 0.412458 0.017587 0.032067
2 0.673250 0.412859 0.018939 0.032868
2 0.688131 0.413660 0.018038 0.032868
2 0.703463 0.413660 0.018038 0.032868
2 0.718795 0.414462 0.018038 0.032868
2 0.734127 0.414061 0.019841 0.030463
2 0.749910 0.415264 0.018939 0.034472
2 0.764791 0.415665 0.018939 0.032067
2 0.779897 0.416065 0.019390 0.032868
2 0.795004 0.415665 0.019841 0.035273
2 0.810110 0.416466 0.018488 0.033670
2 0.825442 0.417669 0.019390 0.032868
2 0.840097 0.418871 0.018939 0.032067
2 0.855429 0.419272 0.018038 0.032868
2 0.869859 0.419272 0.017136 0.032868
2 0.884966 0.421276 0.019390 0.033670
2 0.900749 0.420074 0.019390 0.031265
2 0.915179 0.420475 0.018488 0.033670
2 0.930961 0.420875 0.020292 0.032868
2 0.947421 0.422078 0.018939 0.036877
2 0.961400 0.421677 0.018939 0.034472
2 0.422980 0.791647 0.010823 0.038480
2 0.434479 0.793250 0.019390 0.033670
2 0.449585 0.795254 0.018939 0.034472
2 0.466044 0.794052 0.020292 0.033670
2 0.481151 0.795655 0.018939 0.033670
2 0.496934 0.795655 0.019841 0.033670
2 0.512040 0.795655 0.020292 0.030463
2 0.527597 0.796457 0.018939 0.032067
2 0.542929 0.796857 0.018939 0.034472
2 0.558261 0.798060 0.018939 0.033670
2 0.574269 0.798060 0.019390 0.035273
2 0.589601 0.798461 0.020292 0.034472
2 0.605610 0.798461 0.018939 0.034472
2 0.621167 0.800465 0.019390 0.033670
2 0.636950 0.800064 0.018488 0.031265
2 0.651831 0.799663 0.018488 0.033670
2 0.667614 0.800465 0.019390 0.033670
2 0.682946 0.801267 0.020292 0.032067
2 0.697601 0.800866 0.018939 0.032868
2 0.713835 0.801267 0.018038 0.035273
2 0.729392 0.800465 0.019390 0.032067
2 0.745175 0.802469 0.018488 0.032868
2 0.759605 0.804072 0.020292 0.036075
2 0.775162 0.802469 0.018939 0.034472
2 0.790494 0.803271 0.018939 0.036075
2 0.805375 0.804072 0.018939 0.036075
2 0.820707 0.803672 0.018939 0.036877
2 0.835137 0.803271 0.019841 0.036075
2 0.850920 0.803672 0.018038 0.032067
2 0.865801 0.803672 0.018038 0.032067
2 0.881358 0.806077 0.018488 0.032067
2 0.896690 0.806477 0.019390 0.032868
2 0.912473 0.807279 0.018488 0.034472
2 0.927805 0.806878 0.018488 0.032067
2 0.942911 0.806477 0.019841 0.032868
2 0.958920 0.806878 0.020292 0.033670
2 0.977859 0.423681 0.020292 0.035273
2 0.991071 0.422880 0.017857 0.033670
2 0.974928 0.806878 0.019841 0.033670
2 0.989493 0.808882 0.021014 0.036075
0 0.913375 0.470579 0.099657 0.082572
0 0.774937 0.467372 0.096050 0.085778
0 0.636048 0.462161 0.099657 0.084977
0 0.495130 0.457351 0.094697 0.086580
0 0.966044 0.757977 0.067911 0.083373
0 0.841225 0.752766 0.097854 0.082572
0 0.703689 0.752365 0.096050 0.084977
0 0.563222 0.747956 0.098304 0.085778
0 0.449134 0.493827 0.053211 0.156325
0 0.447556 0.632916 0.052760 0.160333
0 0.446429 0.743547 0.053211 0.084977
1 0.494679 0.563171 0.098304 0.160333
1 0.493777 0.707472 0.098304 0.160333
1 0.564349 0.497034 0.097854 0.157928
1 0.564123 0.638528 0.098304 0.157127
1 0.635597 0.569184 0.099657 0.159532
1 0.632891 0.712282 0.098755 0.157127
1 0.704816 0.499038 0.101010 0.155523
1 0.703238 0.644140 0.098755 0.158730
1 0.773584 0.574395 0.098755 0.161937
1 0.771329 0.717092 0.098755 0.157127
1 0.842578 0.505051 0.097854 0.156325
1 0.841225 0.644941 0.094246 0.153920
1 0.912022 0.577601 0.100559 0.158730
1 0.911346 0.721501 0.101010 0.156325
1 0.965819 0.509059 0.068362 0.157928
1 0.966270 0.651355 0.067460 0.158730