2 0.166396 0.294949 0.006818 0.017893
2 0.173052 0.294661 0.011688 0.019625
2 0.181656 0.294084 0.010714 0.020779
2 0.190260 0.294084 0.011039 0.021934
2 0.198864 0.293795 0.011364 0.020202
2 0.207792 0.294372 0.011688 0.020202
2 0.216721 0.294372 0.011364 0.020202
2 0.225812 0.294084 0.010714 0.019625
2 0.234740 0.294372 0.010390 0.020202
2 0.243506 0.293506 0.011688 0.020779
2 0.252273 0.293795 0.011688 0.020202
2 0.261364 0.294084 0.011039 0.018470
2 0.270617 0.293795 0.011364 0.020202
2 0.279221 0.293506 0.011039 0.019625
2 0.288312 0.293218 0.011688 0.020202
2 0.297403 0.294372 0.011688 0.020202
2 0.306331 0.294949 0.011364 0.019048
2 0.315584 0.294084 0.011688 0.018470
2 0.324188 0.294372 0.011364 0.020202
2 0.332955 0.294084 0.011364 0.018470
2 0.342695 0.295238 0.011364 0.019625
2 0.352273 0.294372 0.011688 0.020202
2 0.360552 0.293795 0.011364 0.020202
2 0.369968 0.294084 0.012013 0.019625
2 0.379221 0.294372 0.012338 0.020202
2 0.387825 0.294661 0.011364 0.019625
2 0.397240 0.295527 0.012013 0.020202
2 0.406656 0.294949 0.011364 0.019048
2 0.416071 0.295238 0.011364 0.018470
2 0.424513 0.294661 0.012013 0.019625
2 0.433929 0.294084 0.011364 0.020779
2 0.443182 0.294372 0.012338 0.020202
2 0.452273 0.295238 0.011688 0.018470
2 0.461201 0.294661 0.012013 0.020779
2 0.470942 0.295238 0.011364 0.019625
2 0.480357 0.294949 0.011364 0.020202
2 0.489448 0.294949 0.010714 0.020202
2 0.163312 0.521212 0.005195 0.019048
2 0.169643 0.520346 0.011364 0.018470
2 0.178084 0.521501 0.011364 0.019625
2 0.187662 0.520924 0.009740 0.019625
2 0.196104 0.521501 0.011039 0.018470
2 0.204870 0.521501 0.011039 0.019625
2 0.213961 0.521212 0.011688 0.020202
2 0.222565 0.521789 0.010714 0.019048
2 0.231818 0.522078 0.011039 0.019625
2 0.240097 0.522367 0.011364 0.021356
2 0.249188 0.522367 0.011364 0.020202
2 0.258604 0.522367 0.010714 0.019048
2 0.267208 0.522078 0.011039 0.019625
2 0.276299 0.522655 0.011039 0.020779
2 0.285227 0.523232 0.012013 0.019625
2 0.294318 0.523521 0.011364 0.020202
2 0.303896 0.522367 0.010390 0.019048
2 0.312662 0.523810 0.011688 0.019625
2 0.321753 0.523232 0.011688 0.020779
2 0.331006 0.524098 0.011364 0.020202
2 0.340097 0.523521 0.010714 0.019048
2 0.349188 0.523810 0.011364 0.019625
2 0.358279 0.523521 0.011364 0.020202
2 0.367532 0.524098 0.011688 0.020202
2 0.376786 0.524387 0.012013 0.019625
2 0.385390 0.524098 0.011688 0.020202
2 0.394643 0.524387 0.011364 0.019625
2 0.403734 0.523810 0.012013 0.020779
2 0.413636 0.524387 0.012338 0.018470
2 0.422565 0.524675 0.012662 0.019048
2 0.431656 0.524675 0.012013 0.020202
2 0.440909 0.526118 0.011688 0.020779
2 0.449838 0.525830 0.011364 0.020202
2 0.459253 0.525253 0.010714 0.019048
2 0.468182 0.525253 0.012338 0.021356
2 0.478084 0.525253 0.012662 0.019048
2 0.487500 0.526407 0.012013 0.021356
2 0.498214 0.295238 0.012013 0.020779
2 0.507468 0.296104 0.011688 0.021356
2 0.516721 0.295815 0.012013 0.021934
2 0.525974 0.295527 0.011688 0.019048
2 0.535227 0.295527 0.011364 0.021356
2 0.544968 0.296104 0.012662 0.022511
2 0.553896 0.295815 0.011039 0.021934
2 0.563474 0.296392 0.012662 0.019625
2 0.572240 0.295815 0.012013 0.019625
2 0.581981 0.296104 0.011364 0.021356
2 0.590909 0.296392 0.012338 0.020779
2 0.600162 0.296681 0.012013 0.022511
2 0.609740 0.296681 0.011688 0.019048
2 0.618831 0.297258 0.011688 0.021356
2 0.627760 0.296681 0.012013 0.021356
2 0.637013 0.297258 0.011688 0.021356
2 0.646429 0.296681 0.012987 0.021356
2 0.656006 0.297547 0.012662 0.021934
2 0.496266 0.526118 0.012013 0.021934
2 0.505032 0.526407 0.012013 0.021356
2 0.514773 0.527273 0.013312 0.021934
2 0.523864 0.526696 0.011364 0.020779
2 0.533279 0.526407 0.011364 0.020202
2 0.543182 0.526696 0.011688 0.019625
2 0.551461 0.526407 0.012013 0.020202
2 0.560877 0.526696 0.012013 0.021934
2 0.570779 0.527273 0.012338 0.021934
2 0.579708 0.527273 0.012662 0.020779
2 0.588961 0.526984 0.011688 0.020202
2 0.598214 0.527850 0.011364 0.021934
2 0.607143 0.528139 0.011688 0.021356
2 0.616721 0.527273 0.012013 0.019625
2 0.626136 0.528716 0.011364 0.020202
2 0.635552 0.529293 0.010714 0.021356
2 0.644805 0.528139 0.012338 0.021356
2 0.654708 0.529004 0.011364 0.020779
0 0.646713 0.349567 0.032873 0.090909
0 0.646104 0.433261 0.031656 0.092352
0 0.645901 0.498196 0.030438 0.050505
0 0.617898 0.325397 0.058847 0.049784
0 0.574472 0.496392 0.058036 0.049784
0 0.533888 0.326118 0.061282 0.049784
0 0.491477 0.496392 0.056818 0.048341
0 0.450081 0.325036 0.061688 0.047619
0 0.407670 0.495310 0.056412 0.047619
0 0.365666 0.323593 0.058442 0.049062
0 0.324269 0.492785 0.057630 0.048341
0 0.285106 0.323954 0.059659 0.048341
0 0.243101 0.490981 0.058442 0.049062
0 0.203734 0.322872 0.055195 0.047619
0 0.176542 0.344517 0.031656 0.089466
0 0.176136 0.428211 0.031656 0.092352
0 0.176339 0.490620 0.031250 0.046898
1 0.203734 0.386724 0.056006 0.093074
1 0.202922 0.469697 0.056818 0.091631
1 0.243912 0.345599 0.058442 0.093074
1 0.243709 0.427489 0.057224 0.093795
1 0.284497 0.386003 0.058442 0.093074
1 0.284294 0.471501 0.058847 0.095238
1 0.325081 0.345238 0.059253 0.093795
1 0.324472 0.430014 0.059659 0.094517
1 0.366071 0.387807 0.059253 0.095238
1 0.365666 0.473665 0.059253 0.092352
1 0.408482 0.347042 0.058847 0.094517
1 0.408685 0.431818 0.056818 0.096681
1 0.450284 0.388528 0.059659 0.093795
1 0.449675 0.473665 0.059253 0.095238
1 0.491883 0.347042 0.058442 0.095960
1 0.491680 0.432179 0.059659 0.094517
1 0.533685 0.388889 0.060877 0.095960
1 0.533685 0.475469 0.059253 0.094517
1 0.576502 0.348485 0.058847 0.093074
1 0.575487 0.432900 0.060065 0.094517
1 0.618101 0.390693 0.059253 0.093795
1 0.618101 0.476551 0.058442 0.095238