2 0.560065 0.498575 0.004995 0.014060
2 0.564852 0.498390 0.008325 0.013690
2 0.571096 0.498760 0.008325 0.014430
2 0.578068 0.498575 0.007284 0.013320
2 0.584207 0.498575 0.008325 0.013320
2 0.590555 0.498760 0.008533 0.014430
2 0.597319 0.498760 0.008741 0.013690
2 0.603563 0.499315 0.008325 0.013320
2 0.610119 0.499500 0.008533 0.012950
2 0.616675 0.499500 0.007909 0.013690
2 0.623231 0.499130 0.007701 0.012950
2 0.629787 0.499870 0.007909 0.013690
2 0.635302 0.500056 0.006452 0.014060
2 0.642587 0.500241 0.008117 0.013690
2 0.649038 0.500426 0.008117 0.013320
2 0.655282 0.500241 0.008533 0.013690
2 0.661838 0.500426 0.008325 0.013320
2 0.668498 0.500241 0.008325 0.013690
2 0.674638 0.500796 0.008117 0.013320
2 0.681194 0.500611 0.007909 0.013690
2 0.687438 0.500981 0.007909 0.013690
2 0.693994 0.501166 0.008117 0.013320
2 0.700549 0.501166 0.008741 0.013320
2 0.706689 0.501166 0.008533 0.013320
2 0.713141 0.501351 0.008533 0.013690
2 0.719489 0.501536 0.008325 0.013320
2 0.726149 0.501536 0.008325 0.014060
2 0.732393 0.501721 0.007909 0.013690
2 0.738949 0.501721 0.008533 0.013690
2 0.745192 0.501721 0.008117 0.013690
2 0.751748 0.501721 0.008325 0.013690
2 0.758096 0.501906 0.008117 0.014060
2 0.764340 0.502091 0.008117 0.014430
2 0.770688 0.502461 0.009158 0.014430
2 0.777348 0.502646 0.008741 0.014060
2 0.783383 0.502646 0.008741 0.013320
2 0.790043 0.502646 0.007909 0.012580
2 0.796287 0.502831 0.008325 0.012950
2 0.802635 0.502461 0.008117 0.012950
2 0.808983 0.503201 0.008325 0.013690
2 0.559024 0.661006 0.004163 0.013320
2 0.563187 0.660821 0.008741 0.014430
2 0.569431 0.660821 0.008325 0.013690
2 0.576091 0.660821 0.007909 0.012950
2 0.582751 0.661191 0.008325 0.013690
2 0.589098 0.661561 0.008949 0.012950
2 0.595446 0.661746 0.008325 0.013320
2 0.602002 0.661931 0.008533 0.013690
2 0.608766 0.661561 0.008325 0.013690
2 0.614802 0.662116 0.008325 0.013320
2 0.621566 0.661931 0.008533 0.013690
2 0.628018 0.661746 0.009366 0.013320
2 0.634470 0.662301 0.008117 0.013690
2 0.641338 0.662486 0.008533 0.013320
2 0.647686 0.662116 0.009158 0.013320
2 0.654138 0.662671 0.009158 0.013690
2 0.660693 0.662856 0.008533 0.014060
2 0.666833 0.662671 0.008741 0.013690
2 0.673181 0.662671 0.008117 0.014430
2 0.679945 0.663041 0.008741 0.013690
2 0.686293 0.662671 0.008533 0.014430
2 0.692537 0.662856 0.008533 0.013320
2 0.699301 0.663041 0.008325 0.013690
2 0.705336 0.662671 0.008741 0.013690
2 0.711788 0.663041 0.008741 0.013690
2 0.718136 0.663041 0.008533 0.014430
2 0.724796 0.663596 0.008533 0.014800
2 0.731144 0.663411 0.007909 0.014430
2 0.737700 0.663596 0.008117 0.014800
2 0.744152 0.663596 0.008533 0.014060
2 0.750083 0.663781 0.007909 0.013690
2 0.756743 0.663596 0.008325 0.012580
2 0.763507 0.664336 0.007284 0.014060
2 0.769751 0.663966 0.008117 0.014060
2 0.775995 0.663966 0.007701 0.014060
2 0.782447 0.663596 0.008949 0.013320
2 0.788482 0.664151 0.008949 0.013690
2 0.794726 0.663596 0.008117 0.013320
2 0.801282 0.663966 0.008325 0.013320
2 0.807630 0.664521 0.008117 0.013690
2 0.815122 0.503016 0.008117 0.014060
2 0.821158 0.503016 0.008533 0.012580
2 0.827610 0.503756 0.008533 0.014060
2 0.834062 0.503386 0.008117 0.013320
2 0.840201 0.503386 0.008325 0.012580
2 0.846445 0.503941 0.008325 0.012950
2 0.852585 0.503941 0.008533 0.013690
2 0.858725 0.504311 0.008741 0.013690
2 0.865072 0.504126 0.008533 0.013320
2 0.871420 0.504681 0.008741 0.013690
2 0.877768 0.504126 0.008117 0.013320
2 0.884220 0.504496 0.008117 0.013320
2 0.890568 0.504681 0.007493 0.012950
2 0.896812 0.504866 0.008325 0.014060
2 0.903263 0.504866 0.008741 0.014060
2 0.814394 0.664336 0.007909 0.012580
2 0.820221 0.664521 0.007909 0.013690
2 0.826153 0.664151 0.007701 0.012950
2 0.832501 0.664521 0.007909 0.013690
2 0.839057 0.664521 0.008117 0.013690
2 0.845301 0.664521 0.008117 0.013690
2 0.851440 0.664336 0.008325 0.013320
2 0.857788 0.664336 0.008117 0.013320
2 0.863928 0.664706 0.007909 0.013320
2 0.870171 0.664521 0.008325 0.013690
2 0.876727 0.664521 0.007701 0.013690
2 0.883179 0.665076 0.008533 0.014800
2 0.889735 0.665261 0.007909 0.013690
2 0.896083 0.665446 0.008117 0.014060
2 0.902327 0.665446 0.008117 0.014060
0 0.896812 0.644356 0.020813 0.034780
0 0.895979 0.599401 0.021645 0.064010
0 0.897124 0.541866 0.021021 0.064380
0 0.877456 0.525956 0.040376 0.034780
0 0.820221 0.523921 0.039960 0.032930
0 0.848110 0.643986 0.039960 0.034780
0 0.791188 0.643061 0.040168 0.035150
0 0.763195 0.522996 0.040793 0.034040
0 0.733433 0.642506 0.039544 0.034040
0 0.704608 0.522811 0.040584 0.034410
0 0.674950 0.641581 0.040793 0.033670
0 0.646541 0.521146 0.040584 0.033300
0 0.616051 0.640471 0.041625 0.033670
0 0.588266 0.519296 0.040168 0.034040
0 0.568286 0.534281 0.021437 0.064010
0 0.568182 0.594036 0.022061 0.065860
0 0.567557 0.638621 0.021645 0.035150
1 0.587642 0.564436 0.040168 0.065120
1 0.587329 0.624746 0.040376 0.066600
1 0.617195 0.535946 0.040584 0.065860
1 0.616675 0.595331 0.041625 0.066230
1 0.646021 0.565361 0.041625 0.066230
1 0.645917 0.625671 0.041417 0.064750
1 0.675158 0.537241 0.041209 0.064750
1 0.675158 0.596626 0.041209 0.065120
1 0.704088 0.567581 0.041209 0.065490
1 0.703775 0.626781 0.041833 0.064010
1 0.733849 0.538166 0.041209 0.065860
1 0.733849 0.596996 0.041209 0.067340
1 0.762259 0.567951 0.041001 0.065490
1 0.762571 0.627891 0.040376 0.066230
1 0.791916 0.539831 0.041209 0.065490
1 0.791708 0.599031 0.041209 0.065490
1 0.819909 0.569061 0.040168 0.066970
1 0.820117 0.628261 0.040168 0.064750
1 0.848839 0.540016 0.040168 0.065120
1 0.848735 0.599216 0.039960 0.065120
1 0.877144 0.569061 0.040168 0.065490
1 0.877456 0.628816 0.040793 0.065120