2 0.136928 0.286091 0.010587 0.033252
2 0.147692 0.285777 0.018704 0.033879
2 0.161455 0.285777 0.017998 0.032624
2 0.176983 0.284522 0.019410 0.032624
2 0.190570 0.284522 0.018351 0.031370
2 0.205040 0.285463 0.018351 0.033252
2 0.220744 0.285150 0.019410 0.032624
2 0.234684 0.286404 0.019057 0.030115
2 0.248624 0.285463 0.018704 0.031997
2 0.263799 0.287346 0.018704 0.030742
2 0.278444 0.285777 0.018351 0.031370
2 0.293443 0.287032 0.019410 0.031370
2 0.308442 0.287346 0.018351 0.030742
2 0.323440 0.287659 0.019410 0.030115
2 0.338968 0.288287 0.020116 0.032624
2 0.353084 0.288914 0.019410 0.031370
2 0.368789 0.288914 0.019763 0.032624
2 0.383435 0.288914 0.019410 0.030115
2 0.398257 0.289541 0.018704 0.032624
2 0.413961 0.290482 0.019057 0.033252
2 0.429136 0.289855 0.019057 0.033252
2 0.444311 0.290169 0.019763 0.031370
2 0.459310 0.290796 0.018704 0.032624
2 0.474661 0.291737 0.019763 0.034507
2 0.489836 0.290482 0.019763 0.033252
2 0.504658 0.291424 0.019763 0.031370
2 0.520010 0.292365 0.018704 0.030742
2 0.535008 0.292365 0.018351 0.030742
2 0.550536 0.294247 0.019057 0.030742
2 0.565535 0.292051 0.017998 0.031370
2 0.129870 0.659703 0.007764 0.031370
2 0.139752 0.661585 0.017645 0.031370
2 0.154044 0.661898 0.017998 0.031997
2 0.168866 0.661898 0.017998 0.031997
2 0.183689 0.662526 0.017292 0.030742
2 0.198511 0.663153 0.017998 0.029487
2 0.212804 0.664408 0.017645 0.029487
2 0.227449 0.665035 0.017998 0.029487
2 0.242801 0.666290 0.016234 0.029487
2 0.256917 0.666604 0.017645 0.031370
2 0.271563 0.668172 0.020116 0.033252
2 0.286561 0.668172 0.017645 0.030742
2 0.302619 0.668486 0.017998 0.031370
2 0.316911 0.670055 0.018351 0.030742
2 0.331910 0.670055 0.020116 0.031997
2 0.347261 0.670055 0.019763 0.030742
2 0.362260 0.671623 0.019410 0.031370
2 0.377435 0.672250 0.018704 0.031370
2 0.393139 0.671937 0.018351 0.029487
2 0.407609 0.673192 0.019763 0.030742
2 0.423313 0.672564 0.018704 0.030742
2 0.438135 0.673819 0.017998 0.030742
2 0.453663 0.674760 0.017998 0.031370
2 0.469015 0.674133 0.019057 0.031370
2 0.484190 0.676329 0.018351 0.031997
2 0.499188 0.674760 0.018704 0.031370
2 0.514716 0.675387 0.018704 0.027605
2 0.529715 0.676015 0.017645 0.028860
2 0.545772 0.677897 0.018704 0.032624
2 0.561300 0.678211 0.017292 0.030742
2 0.581063 0.294247 0.019410 0.030742
2 0.595885 0.296443 0.018704 0.032624
2 0.611060 0.295815 0.018704 0.032624
2 0.626588 0.296443 0.019410 0.032624
2 0.641763 0.294874 0.017998 0.030742
2 0.657291 0.296443 0.017292 0.032624
2 0.672643 0.297697 0.019057 0.033879
2 0.687641 0.297070 0.017998 0.032624
2 0.703169 0.297697 0.017998 0.035134
2 0.717991 0.298325 0.017998 0.031370
2 0.732460 0.298952 0.019410 0.032624
2 0.747988 0.298325 0.020116 0.032624
2 0.763516 0.299893 0.019410 0.033252
2 0.778162 0.300521 0.019057 0.031997
2 0.793514 0.301776 0.017292 0.031997
2 0.808689 0.302403 0.018704 0.030742
2 0.823687 0.302403 0.018351 0.031997
2 0.837804 0.303658 0.019057 0.031997
2 0.853331 0.303971 0.018351 0.032624
2 0.867624 0.305540 0.017998 0.030742
2 0.882976 0.305854 0.017645 0.033879
2 0.898857 0.305540 0.018351 0.030742
2 0.913502 0.304912 0.017998 0.030742
2 0.929030 0.307422 0.019410 0.033252
2 0.944558 0.307108 0.019410 0.032624
2 0.576299 0.678524 0.018351 0.032624
2 0.591827 0.681034 0.017645 0.032624
2 0.607178 0.680407 0.019410 0.031370
2 0.622353 0.679465 0.017998 0.028233
2 0.638234 0.680093 0.017998 0.030742
2 0.652880 0.679779 0.019057 0.030115
2 0.667702 0.682602 0.018351 0.033252
2 0.682700 0.682602 0.019410 0.031997
2 0.699287 0.682289 0.018704 0.032624
2 0.714109 0.683544 0.018704 0.032624
2 0.728931 0.683544 0.018704 0.032624
2 0.744989 0.684171 0.019057 0.031370
2 0.759634 0.684485 0.017998 0.033252
2 0.775162 0.684485 0.017292 0.033252
2 0.789984 0.684485 0.018704 0.030742
2 0.805512 0.685426 0.019410 0.031370
2 0.819276 0.686367 0.018704 0.033252
2 0.835333 0.685426 0.019057 0.031370
2 0.849626 0.685739 0.018704 0.033252
2 0.865683 0.687308 0.017645 0.032624
2 0.879800 0.686680 0.020469 0.032624
2 0.895680 0.687308 0.018351 0.031370
2 0.910679 0.688249 0.017998 0.031997
2 0.926207 0.690131 0.020116 0.034507
2 0.942794 0.689817 0.020822 0.033879
0 0.926913 0.393061 0.050466 0.155593
0 0.928148 0.529832 0.048701 0.154338
0 0.928677 0.637430 0.050466 0.083443
0 0.882270 0.353535 0.096697 0.079051
0 0.813100 0.634607 0.093168 0.080306
0 0.746224 0.348830 0.097756 0.075914
0 0.675642 0.630843 0.095638 0.084071
0 0.608943 0.343497 0.097756 0.080306
0 0.533773 0.626451 0.095638 0.081561
0 0.469368 0.341301 0.095285 0.078424
0 0.397198 0.623941 0.095638 0.082816
0 0.261505 0.618922 0.093874 0.082816
0 0.331028 0.337851 0.093874 0.076542
0 0.199393 0.335968 0.090344 0.084071
0 0.155456 0.368906 0.049760 0.146182
0 0.151927 0.508501 0.049054 0.149319
0 0.150162 0.608570 0.047643 0.080934
1 0.198158 0.437920 0.092815 0.148692
1 0.195335 0.580024 0.092815 0.149319
1 0.264152 0.373298 0.092109 0.153711
1 0.262916 0.511638 0.091756 0.156848
1 0.330322 0.445762 0.095991 0.160612
1 0.329263 0.583788 0.095991 0.151829
1 0.399845 0.375808 0.095991 0.154966
1 0.398433 0.515716 0.095991 0.154966
1 0.467780 0.447958 0.098461 0.153711
1 0.466897 0.587866 0.096697 0.151201
1 0.537832 0.378004 0.096697 0.159358
1 0.535714 0.521049 0.098814 0.155593
1 0.605767 0.451095 0.098461 0.158730
1 0.605237 0.591944 0.100932 0.150574
1 0.676877 0.382709 0.096697 0.152456
1 0.675819 0.522617 0.096697 0.156221
1 0.744989 0.455487 0.096697 0.158730
1 0.744989 0.598532 0.098108 0.156221
1 0.813982 0.387415 0.095638 0.155593
1 0.813100 0.527950 0.096697 0.153084
1 0.880858 0.461133 0.095991 0.154966
1 0.881917 0.599787 0.095285 0.152456