2 0.003418 0.805423 0.006835 0.047087
2 0.014098 0.803904 0.026487 0.045568
2 0.033322 0.802764 0.028195 0.044809
2 0.054041 0.803144 0.026914 0.045568
2 0.073693 0.802005 0.026914 0.043290
2 0.092703 0.803904 0.025632 0.039493
2 0.113423 0.805802 0.026059 0.043290
2 0.133288 0.805802 0.026487 0.043290
2 0.153366 0.804663 0.025632 0.044050
2 0.173018 0.806562 0.026487 0.043290
2 0.192028 0.806562 0.025205 0.043290
2 0.211680 0.808081 0.026059 0.044809
2 0.231118 0.809600 0.025632 0.046328
2 0.250342 0.809979 0.025632 0.042531
2 0.270420 0.812258 0.025632 0.047087
2 0.289858 0.811119 0.026059 0.046328
2 0.310364 0.813017 0.026059 0.044050
2 0.330656 0.813777 0.024778 0.045568
2 0.350521 0.814536 0.024351 0.047087
2 0.369318 0.815296 0.025205 0.044050
2 0.390038 0.814157 0.027341 0.043290
2 0.410543 0.815676 0.027341 0.043290
2 0.431049 0.815676 0.025632 0.046328
2 0.451128 0.815296 0.027341 0.042531
2 0.472061 0.814916 0.026487 0.044809
2 0.492139 0.817574 0.026487 0.047087
2 0.512218 0.819093 0.025632 0.045568
2 0.531869 0.817954 0.025632 0.044809
2 0.552802 0.817574 0.026487 0.042531
2 0.572454 0.817574 0.028195 0.044050
2 0.593173 0.818713 0.026059 0.046328
2 0.614106 0.818713 0.026059 0.046328
2 0.634826 0.818334 0.026487 0.044050
2 0.654477 0.819473 0.029904 0.044809
2 0.676265 0.818334 0.027341 0.045568
2 0.696557 0.817954 0.026059 0.046328
2 0.716208 0.820232 0.024351 0.047847
2 0.736287 0.818713 0.026914 0.044809
2 0.757647 0.818713 0.025205 0.043290
2 0.776871 0.817954 0.026059 0.043290
2 0.796950 0.818334 0.026059 0.045568
2 0.817669 0.817574 0.024778 0.042531
2 0.838602 0.818713 0.026487 0.043290
2 0.857399 0.819093 0.024778 0.042531
2 0.878332 0.818334 0.027341 0.042531
2 0.897343 0.819093 0.027768 0.047087
2 0.918703 0.820232 0.026059 0.043290
2 0.938141 0.820232 0.027341 0.043290
2 0.959928 0.820612 0.024778 0.041012
2 0.979793 0.822131 0.026914 0.044050
2 0.993635 0.820992 0.012730 0.047847
0 0.010146 0.914863 0.020292 0.134199
0 0.053571 0.871573 0.107142 0.122655
0 0.225649 0.873737 0.134740 0.109668
0 0.403003 0.879509 0.129058 0.112554
0 0.590909 0.887446 0.136364 0.119769
0 0.772727 0.881674 0.129870 0.116883
0 0.945617 0.889610 0.108766 0.106782
0 0.994724 0.935786 0.010552 0.069264
1 0.054383 0.950577 0.108766 0.098846
1 0.133117 0.905844 0.128247 0.188312
1 0.219968 0.952742 0.125000 0.094516
1 0.311282 0.909452 0.133929 0.181096
1 0.405032 0.957792 0.129870 0.084416
1 0.496347 0.913059 0.132305 0.173882
1 0.588474 0.956349 0.115260 0.087302
1 0.681412 0.913781 0.135552 0.172438
1 0.771916 0.957792 0.115260 0.084416
1 0.865260 0.914502 0.134740 0.170996
1 0.949269 0.959235 0.101461 0.081530