2 0.057630 0.480808 0.013312 0.030592
2 0.069481 0.482251 0.018182 0.032323
2 0.084253 0.482828 0.017208 0.031169
2 0.098701 0.483694 0.018831 0.030592
2 0.113312 0.483405 0.018182 0.031169
2 0.128571 0.483405 0.020130 0.031169
2 0.143506 0.484271 0.018831 0.030592
2 0.157792 0.485714 0.018831 0.032323
2 0.172727 0.485426 0.019481 0.031746
2 0.187175 0.486003 0.019156 0.030592
2 0.201786 0.485426 0.019805 0.030592
2 0.216396 0.486580 0.018506 0.031746
2 0.231331 0.487734 0.018506 0.031746
2 0.246266 0.488023 0.018506 0.031169
2 0.261039 0.488889 0.019481 0.030592
2 0.275974 0.488312 0.019481 0.030592
2 0.291234 0.490332 0.018182 0.031169
2 0.306169 0.490620 0.020779 0.031746
2 0.320130 0.490620 0.019481 0.031746
2 0.335552 0.491198 0.018506 0.030592
2 0.350974 0.491775 0.018182 0.029437
2 0.366883 0.491486 0.018182 0.030014
2 0.382468 0.492352 0.016883 0.031746
2 0.397403 0.492929 0.017532 0.030592
2 0.051623 0.860029 0.008442 0.031746
2 0.062662 0.859740 0.017532 0.028860
2 0.076948 0.860895 0.019481 0.030014
2 0.092532 0.861472 0.018182 0.031169
2 0.107955 0.862626 0.019156 0.032323
2 0.122403 0.862049 0.018831 0.030014
2 0.137987 0.864358 0.018831 0.031169
2 0.152273 0.865512 0.018182 0.032323
2 0.167695 0.864646 0.018506 0.032900
2 0.181981 0.865512 0.019156 0.031169
2 0.197403 0.866667 0.017532 0.028860
2 0.212013 0.866667 0.016883 0.030014
2 0.227273 0.868975 0.016234 0.030014
2 0.241883 0.868975 0.016883 0.031169
2 0.256656 0.869841 0.018506 0.029437
2 0.271916 0.870996 0.017857 0.031746
2 0.287338 0.871861 0.017532 0.032323
2 0.302435 0.872727 0.018506 0.029437
2 0.317370 0.873016 0.017857 0.031169
2 0.332305 0.874747 0.018506 0.031169
2 0.347240 0.874170 0.017208 0.031169
2 0.362662 0.876768 0.018182 0.030592
2 0.377273 0.876479 0.018182 0.028860
2 0.392857 0.877922 0.017532 0.031746
2 0.412175 0.494084 0.019156 0.034055
2 0.427435 0.492929 0.018506 0.031746
2 0.443019 0.493795 0.019805 0.032323
2 0.457955 0.494661 0.018506 0.032900
2 0.474026 0.495238 0.018831 0.032900
2 0.489448 0.495238 0.019156 0.030592
2 0.505195 0.494949 0.019481 0.032323
2 0.519805 0.496104 0.019481 0.032323
2 0.535877 0.496970 0.018506 0.032900
2 0.551136 0.497547 0.018506 0.031746
2 0.566071 0.497547 0.018506 0.031746
2 0.582143 0.498701 0.018831 0.030592
2 0.598214 0.498701 0.017857 0.030592
2 0.612987 0.500144 0.018182 0.032323
2 0.628409 0.498990 0.018506 0.030014
2 0.643994 0.500433 0.017208 0.034055
2 0.659740 0.500722 0.017532 0.031169
2 0.674675 0.501587 0.019481 0.031746
2 0.690909 0.501587 0.019481 0.031746
2 0.705519 0.502742 0.018182 0.029437
2 0.720942 0.503030 0.019156 0.030014
2 0.735877 0.502742 0.018506 0.030592
2 0.751623 0.503896 0.020130 0.031746
2 0.767370 0.504473 0.019156 0.029437
2 0.781981 0.503896 0.018506 0.031746
2 0.796104 0.504762 0.016883 0.030014
2 0.408604 0.878788 0.019805 0.032323
2 0.423864 0.879076 0.019156 0.036364
2 0.438474 0.880231 0.019156 0.032900
2 0.453896 0.881674 0.018831 0.032323
2 0.470130 0.880808 0.019481 0.030592
2 0.485227 0.883117 0.019156 0.035209
2 0.500812 0.882251 0.018506 0.031169
2 0.516071 0.883983 0.017857 0.032323
2 0.531494 0.883983 0.018831 0.031169
2 0.546591 0.883694 0.018506 0.031746
2 0.562175 0.883694 0.018506 0.032900
2 0.577597 0.885137 0.019481 0.032323
2 0.593019 0.885137 0.019156 0.028860
2 0.608929 0.885714 0.020455 0.032323
2 0.624675 0.887157 0.018182 0.032900
2 0.639610 0.886580 0.018182 0.031746
2 0.655357 0.886869 0.019805 0.031169
2 0.670617 0.887446 0.020455 0.030014
2 0.686039 0.887446 0.018182 0.030014
2 0.701623 0.888889 0.017532 0.031746
2 0.716071 0.888889 0.019156 0.032900
2 0.732143 0.889755 0.020130 0.031169
2 0.747240 0.889177 0.018506 0.031169
2 0.762338 0.890043 0.019481 0.030592
2 0.777273 0.890620 0.018182 0.032900
2 0.792532 0.890332 0.020130 0.033478
2 0.812500 0.505339 0.019805 0.030014
2 0.827435 0.505628 0.019805 0.031746
2 0.842532 0.505916 0.018182 0.031169
2 0.857305 0.508225 0.018506 0.032323
2 0.873377 0.507937 0.018182 0.030592
2 0.808117 0.891486 0.019481 0.032323
2 0.823539 0.890909 0.019805 0.031169
2 0.838961 0.891775 0.020130 0.031746
2 0.854221 0.892352 0.020130 0.031746
2 0.870617 0.894084 0.019156 0.034055
0 0.077110 0.566378 0.050325 0.158730
0 0.074269 0.702742 0.049513 0.154401
0 0.070211 0.805195 0.046266 0.076479
0 0.121753 0.530303 0.092532 0.080808
0 0.252841 0.538961 0.096591 0.086580
0 0.391234 0.543290 0.094156 0.086580
0 0.532062 0.549062 0.099838 0.080808
0 0.672484 0.553391 0.098214 0.080808
0 0.810877 0.556277 0.094156 0.083694
0 0.855519 0.590909 0.050325 0.158730
0 0.856737 0.733045 0.052760 0.157287
0 0.856331 0.838384 0.051948 0.085137
0 0.739042 0.838384 0.094968 0.079365
0 0.600244 0.834776 0.096591 0.080808
0 0.459416 0.828283 0.094156 0.079365
0 0.320211 0.821789 0.093344 0.086580
0 0.185471 0.815296 0.093344 0.090909
1 0.121347 0.636364 0.094968 0.163059
1 0.120130 0.774892 0.095779 0.157287
1 0.187500 0.569986 0.095779 0.163059
1 0.186688 0.709957 0.094156 0.163059
1 0.252435 0.640693 0.099026 0.160173
1 0.253653 0.782828 0.098214 0.161616
1 0.323458 0.577201 0.098214 0.151515
1 0.323458 0.718615 0.094968 0.157287
1 0.392045 0.647908 0.099026 0.163059
1 0.390422 0.790043 0.099026 0.158730
1 0.461445 0.582251 0.098214 0.161616
1 0.462256 0.722222 0.094968 0.152958
1 0.531250 0.652237 0.101461 0.160173
1 0.531656 0.792208 0.097403 0.151515
1 0.602273 0.585137 0.097403 0.158730
1 0.601055 0.725830 0.099838 0.157287
1 0.670455 0.659452 0.100649 0.163059
1 0.671266 0.798701 0.097403 0.158730
1 0.742289 0.593074 0.098214 0.163059
1 0.741071 0.730159 0.095779 0.157287
1 0.809659 0.660895 0.096591 0.157287
1 0.810065 0.800866 0.099026 0.163059