2 0.011093 0.101010 0.022186 0.047138
2 0.030303 0.101010 0.029221 0.045214
2 0.052760 0.101010 0.027597 0.045214
2 0.074675 0.101491 0.027056 0.044252
2 0.096050 0.100529 0.028680 0.042328
2 0.118506 0.101491 0.028139 0.046176
2 0.139340 0.101972 0.027597 0.045214
2 0.161526 0.101491 0.027597 0.044252
2 0.183171 0.101010 0.028680 0.045214
2 0.205087 0.100529 0.028139 0.044252
2 0.225649 0.101010 0.028139 0.045214
2 0.247835 0.100529 0.025974 0.046176
2 0.268939 0.100048 0.027056 0.043290
2 0.290855 0.100048 0.026515 0.045214
2 0.312771 0.098124 0.028139 0.045214
2 0.334416 0.098124 0.028139 0.047138
2 0.356331 0.097643 0.027597 0.044252
2 0.378517 0.098605 0.028680 0.044252
2 0.400703 0.097643 0.028680 0.044252
2 0.422890 0.097162 0.028680 0.045214
2 0.444264 0.098124 0.028139 0.047138
2 0.466721 0.097162 0.028680 0.045214
2 0.489448 0.097162 0.029762 0.043290
2 0.511364 0.098124 0.028139 0.045214
2 0.533279 0.096681 0.027597 0.046176
2 0.555195 0.097162 0.027056 0.047138
2 0.578463 0.098124 0.027056 0.045214
2 0.600920 0.098124 0.027597 0.045214
2 0.008658 0.647427 0.017316 0.049062
2 0.024080 0.647427 0.025433 0.045214
2 0.047348 0.646465 0.028680 0.045214
2 0.067641 0.646946 0.027056 0.046176
2 0.088745 0.647427 0.027056 0.045214
2 0.110119 0.648870 0.026515 0.046176
2 0.132035 0.648389 0.027056 0.047138
2 0.152597 0.648389 0.028139 0.049062
2 0.173972 0.648389 0.026515 0.047138
2 0.195617 0.649351 0.027597 0.047138
2 0.216991 0.650313 0.027056 0.045214
2 0.238636 0.651756 0.029221 0.048100
2 0.260552 0.650794 0.029762 0.046176
2 0.281385 0.652237 0.029221 0.047138
2 0.304383 0.652237 0.028680 0.045214
2 0.326299 0.652237 0.028139 0.047138
2 0.348214 0.651275 0.026515 0.047138
2 0.370942 0.651275 0.025433 0.045214
2 0.393128 0.653680 0.028680 0.048100
2 0.414773 0.654161 0.027597 0.049062
2 0.436688 0.653680 0.029221 0.048100
2 0.459686 0.655123 0.028680 0.047138
2 0.482143 0.654161 0.029221 0.049062
2 0.505141 0.654642 0.028680 0.048100
2 0.527056 0.654642 0.029221 0.048100
2 0.549242 0.655604 0.028139 0.048100
2 0.573323 0.654642 0.027597 0.046176
2 0.593885 0.656566 0.028680 0.050024
0 0.577652 0.221741 0.071970 0.215488
0 0.576299 0.427609 0.071429 0.223184
0 0.573593 0.580087 0.074675 0.118326
0 0.510552 0.170274 0.141234 0.116402
0 0.404762 0.581049 0.141775 0.116402
0 0.310335 0.168831 0.137987 0.109668
0 0.205357 0.579606 0.135823 0.113516
0 0.114448 0.171717 0.139069 0.113516
0 0.039502 0.571429 0.079004 0.114478
1 0.041126 0.223665 0.082251 0.219336
1 0.040584 0.423280 0.081168 0.218374
1 0.112013 0.325156 0.135281 0.216450
1 0.110660 0.525734 0.134740 0.213564
1 0.211039 0.223665 0.134199 0.217412
1 0.208063 0.423761 0.135823 0.219336
1 0.307089 0.322751 0.139069 0.221260
1 0.306006 0.527658 0.137987 0.217412
1 0.409361 0.218855 0.137987 0.219336
1 0.407738 0.423761 0.137987 0.221260
1 0.508117 0.323713 0.140693 0.221260
1 0.507576 0.528620 0.138528 0.221260