2 0.417766 0.248467 0.014712 0.045094
2 0.432224 0.246212 0.025365 0.045996
2 0.453277 0.245761 0.025873 0.048701
2 0.474077 0.245761 0.025873 0.043290
2 0.494369 0.246212 0.026887 0.045996
2 0.515929 0.246212 0.025365 0.044192
2 0.535714 0.246663 0.027394 0.043290
2 0.557021 0.243957 0.025365 0.043290
2 0.577567 0.246212 0.025873 0.044192
2 0.597859 0.245310 0.025873 0.044192
2 0.618659 0.245310 0.026887 0.044192
2 0.639712 0.245761 0.025365 0.046898
2 0.659750 0.245761 0.024858 0.041486
2 0.681818 0.244408 0.025365 0.045996
2 0.700081 0.246663 0.027394 0.043290
2 0.721134 0.245310 0.025873 0.044192
2 0.741680 0.246663 0.024351 0.043290
2 0.762480 0.247114 0.026380 0.042388
2 0.782772 0.246663 0.025365 0.043290
2 0.803318 0.245761 0.022829 0.043290
2 0.823103 0.247114 0.022829 0.042388
2 0.843649 0.246663 0.024351 0.043290
2 0.863433 0.247114 0.023336 0.044192
2 0.883218 0.247114 0.024351 0.045996
2 0.903764 0.246212 0.023843 0.040584
2 0.924056 0.245310 0.023843 0.042388
2 0.945363 0.245310 0.023843 0.044192
2 0.966416 0.246663 0.023336 0.045094
2 0.986201 0.245761 0.026380 0.043290
2 0.997159 0.245310 0.005682 0.045996
0 0.443892 0.362554 0.068994 0.204726
0 0.444399 0.550144 0.067979 0.208333
0 0.445414 0.695797 0.074067 0.113636
0 0.603186 0.693092 0.135958 0.111833
0 0.786830 0.692190 0.134943 0.108225
0 0.952770 0.688582 0.094460 0.110029
0 0.508066 0.312049 0.133421 0.107323
0 0.692218 0.311147 0.135450 0.107323
0 0.876116 0.310696 0.131899 0.108225
2 0.417005 0.765693 0.011161 0.044192
2 0.431209 0.765693 0.023336 0.051407
2 0.451248 0.763889 0.026887 0.045996
2 0.473062 0.763889 0.027902 0.045996
2 0.493862 0.762536 0.030946 0.050505
2 0.513139 0.765693 0.026887 0.044192
2 0.534953 0.764340 0.024858 0.045094
2 0.554992 0.763889 0.026380 0.045996
2 0.576806 0.764791 0.025365 0.045996
2 0.597352 0.764791 0.028916 0.045996
2 0.618912 0.763889 0.025365 0.044192
2 0.637683 0.762085 0.024351 0.045996
2 0.658228 0.763438 0.025873 0.048701
2 0.679789 0.762085 0.025365 0.045996
2 0.700081 0.761634 0.026380 0.045094
2 0.722403 0.761183 0.023336 0.047799
2 0.742441 0.760281 0.026887 0.049603
2 0.762480 0.759830 0.026380 0.052309
2 0.782518 0.760281 0.024858 0.047799
2 0.801796 0.759830 0.023843 0.046898
2 0.822088 0.762085 0.024858 0.047799
2 0.842888 0.759830 0.026887 0.046898
2 0.862672 0.761183 0.029931 0.049603
2 0.884994 0.758929 0.027902 0.046898
2 0.905286 0.757576 0.024858 0.049603
2 0.926086 0.758027 0.026887 0.048701
2 0.946378 0.756223 0.025873 0.043290
2 0.967177 0.758027 0.027902 0.046898
2 0.986759 0.758929 0.026481 0.046898
1 0.507559 0.454095 0.130377 0.212843
1 0.507559 0.647998 0.131392 0.211039
1 0.600142 0.360750 0.131899 0.213745
1 0.600396 0.552399 0.130377 0.212843
1 0.693486 0.455447 0.129870 0.210137
1 0.693486 0.643488 0.132914 0.203824
1 0.786830 0.360299 0.131899 0.205628
1 0.787338 0.550144 0.131899 0.204726
1 0.877892 0.454095 0.130377 0.207431
1 0.878906 0.641685 0.129363 0.200216
1 0.952009 0.359398 0.095982 0.202020
1 0.952009 0.548791 0.095982 0.209235