2 0.421662 0.343175 0.006244 0.019980
2 0.427905 0.342990 0.012071 0.020350
2 0.437479 0.343360 0.010823 0.020350
2 0.446325 0.343545 0.011031 0.020720
2 0.455586 0.342990 0.010823 0.019610
2 0.464952 0.343730 0.011655 0.019610
2 0.474213 0.343730 0.011447 0.018870
2 0.483163 0.343730 0.011031 0.019610
2 0.492632 0.343730 0.011239 0.020350
2 0.501478 0.344470 0.011031 0.019610
2 0.511051 0.343915 0.011447 0.019240
2 0.519897 0.344470 0.011239 0.019610
2 0.529054 0.344840 0.010823 0.018870
2 0.538420 0.344470 0.011239 0.019610
2 0.547265 0.344840 0.011031 0.018870
2 0.556631 0.345025 0.011447 0.019240
2 0.565372 0.345580 0.011447 0.019610
2 0.574946 0.345765 0.011031 0.019240
2 0.583895 0.345950 0.011031 0.018870
2 0.593157 0.346320 0.011239 0.019610
2 0.602418 0.345395 0.011031 0.019240
2 0.611992 0.345765 0.010614 0.018500
2 0.620942 0.346135 0.010614 0.019240
2 0.629995 0.346320 0.011655 0.018870
2 0.638944 0.346320 0.011239 0.019610
2 0.648310 0.346690 0.011655 0.019610
2 0.657259 0.346875 0.010823 0.019240
2 0.666729 0.347615 0.010614 0.019240
2 0.419372 0.572946 0.005411 0.019980
2 0.425408 0.573316 0.011655 0.019980
2 0.434774 0.573686 0.011239 0.019980
2 0.443931 0.573316 0.010823 0.018500
2 0.453401 0.573501 0.011447 0.019610
2 0.462558 0.573871 0.011447 0.019610
2 0.471612 0.574241 0.011655 0.018870
2 0.480665 0.574056 0.011031 0.019240
2 0.489927 0.574426 0.011239 0.019980
2 0.499292 0.574426 0.011239 0.020720
2 0.508138 0.574796 0.011031 0.019980
2 0.517607 0.574796 0.011239 0.019240
2 0.526973 0.575166 0.011239 0.019980
2 0.535818 0.575166 0.011447 0.020720
2 0.545288 0.575536 0.011655 0.019980
2 0.554550 0.575721 0.011447 0.019610
2 0.563499 0.576091 0.011031 0.019610
2 0.572865 0.575536 0.011863 0.019980
2 0.582230 0.576276 0.011031 0.020720
2 0.591180 0.575536 0.011031 0.019240
2 0.600753 0.576091 0.011447 0.020350
2 0.609807 0.575906 0.011655 0.019240
2 0.618756 0.576276 0.011239 0.019980
2 0.628226 0.576461 0.011447 0.020350
2 0.637488 0.577016 0.011239 0.020720
2 0.646437 0.577386 0.011239 0.019980
2 0.655698 0.577571 0.011031 0.019610
2 0.664960 0.577571 0.011239 0.018870
2 0.675574 0.347615 0.011655 0.019240
2 0.684628 0.347430 0.011031 0.018870
2 0.693577 0.347800 0.011031 0.019610
2 0.702943 0.347800 0.011447 0.020350
2 0.712204 0.348355 0.011655 0.018500
2 0.720634 0.348170 0.011863 0.019610
2 0.730103 0.348540 0.012071 0.019610
2 0.739365 0.348910 0.011031 0.019610
2 0.748730 0.348910 0.011031 0.019610
2 0.757472 0.349650 0.010614 0.018870
2 0.766733 0.349280 0.010406 0.019610
2 0.775370 0.349650 0.011447 0.018870
2 0.784424 0.349650 0.010406 0.019610
2 0.793269 0.350205 0.011031 0.019980
2 0.802739 0.350390 0.011239 0.019610
2 0.811480 0.350575 0.011239 0.019980
2 0.820950 0.350945 0.011447 0.019240
2 0.829379 0.350760 0.011239 0.018870
2 0.838224 0.351500 0.010614 0.018130
2 0.847174 0.351685 0.011031 0.019240
2 0.856019 0.352055 0.011239 0.019980
2 0.865176 0.351870 0.010823 0.019610
2 0.874334 0.352980 0.011655 0.019610
2 0.883179 0.352980 0.010614 0.019610
2 0.892129 0.352795 0.011447 0.019240
2 0.900974 0.352980 0.011655 0.019610
2 0.910340 0.352795 0.011239 0.019980
2 0.673909 0.577386 0.011239 0.019980
2 0.683379 0.577941 0.012279 0.018870
2 0.692120 0.577756 0.011031 0.019240
2 0.701174 0.578681 0.011655 0.020350
2 0.710852 0.578311 0.011863 0.019610
2 0.720009 0.578126 0.011863 0.019240
2 0.728646 0.578311 0.011655 0.019610
2 0.738116 0.577941 0.011447 0.020350
2 0.747065 0.578681 0.011031 0.019610
2 0.756639 0.578496 0.011031 0.019980
2 0.765068 0.579051 0.011655 0.020350
2 0.774434 0.579236 0.011239 0.019240
2 0.784869 0.579421 0.013378 0.019610
2 0.792645 0.579421 0.011447 0.019610
2 0.801490 0.579976 0.011239 0.019980
2 0.810440 0.579791 0.011655 0.019610
2 0.819181 0.580161 0.011655 0.019610
2 0.828026 0.580531 0.011031 0.019610
2 0.837704 0.579976 0.010823 0.019240
2 0.845925 0.579976 0.011447 0.019240
2 0.855186 0.580161 0.011655 0.018870
2 0.863824 0.579976 0.011447 0.019980
2 0.872981 0.580901 0.011447 0.020350
2 0.882139 0.581086 0.011863 0.019240
2 0.890984 0.580901 0.011239 0.020350
2 0.900662 0.581271 0.011447 0.018870
2 0.910236 0.581641 0.012279 0.019610
0 0.900246 0.403855 0.029346 0.089540
0 0.900766 0.487845 0.029554 0.091020
0 0.901182 0.550746 0.029138 0.047360
0 0.833125 0.549532 0.055778 0.046827
0 0.873814 0.382210 0.057234 0.047730
0 0.792333 0.379620 0.056610 0.046250
0 0.751124 0.548711 0.058691 0.047730
0 0.709811 0.378325 0.058067 0.048100
0 0.668186 0.548341 0.058067 0.046990
0 0.627081 0.376105 0.057443 0.045880
0 0.584624 0.546491 0.057026 0.047730
0 0.543935 0.375365 0.058067 0.046620
0 0.501790 0.544456 0.057443 0.048100
0 0.460165 0.372220 0.055778 0.046990
0 0.432900 0.394420 0.029970 0.090650
0 0.432172 0.479335 0.030178 0.091020
0 0.431652 0.542791 0.029970 0.049210
1 0.460730 0.434962 0.057978 0.094139
1 0.459763 0.520855 0.057591 0.092764
1 0.502087 0.395795 0.058751 0.091390
1 0.501894 0.479970 0.058364 0.094826
1 0.543445 0.438398 0.057978 0.094139
1 0.542478 0.523603 0.059137 0.091390
1 0.585382 0.396138 0.058364 0.092077
1 0.584416 0.482031 0.060297 0.093452
1 0.626546 0.439085 0.059524 0.095513
1 0.625966 0.523658 0.059137 0.091500
1 0.668677 0.397856 0.057978 0.091390
1 0.668097 0.483405 0.059910 0.092077
1 0.709261 0.441833 0.060297 0.092764
1 0.710034 0.525665 0.058751 0.092764
1 0.751391 0.400948 0.057978 0.090703
1 0.751391 0.485123 0.057205 0.095513
1 0.791783 0.442520 0.059137 0.094139
1 0.792749 0.526960 0.059524 0.091232
1 0.833140 0.401635 0.056045 0.090703
1 0.832947 0.485810 0.057978 0.092764
1 0.873145 0.445269 0.057205 0.091390
1 0.873956 0.528070 0.056354 0.092077