1 0.157468 0.983766 0.089286 0.032468
1 0.243506 0.942641 0.131494 0.114718
1 0.430195 0.947691 0.131494 0.104618
1 0.337256 0.993867 0.068994 0.012266
1 0.616883 0.948413 0.131494 0.103174
1 0.804383 0.950577 0.134740 0.098846
1 0.961851 0.951299 0.076298 0.097402
0 0.155844 0.937951 0.129870 0.122655
0 0.335633 0.943362 0.132305 0.113276
0 0.522727 0.949134 0.137987 0.101732
0 0.711039 0.946248 0.131494 0.107504
0 0.898133 0.949134 0.130682 0.101732
0 0.095779 0.942641 0.068182 0.114718
2 0.070196 0.874619 0.013528 0.043824
2 0.084325 0.875421 0.025553 0.046497
2 0.103716 0.875154 0.024050 0.044893
2 0.124609 0.875421 0.027958 0.044359
2 0.144150 0.875688 0.026154 0.044893
2 0.165194 0.875688 0.025553 0.041687
2 0.185185 0.876757 0.024651 0.042756
2 0.204726 0.877024 0.024050 0.041152
2 0.224868 0.878895 0.024651 0.041687
2 0.245010 0.879964 0.024651 0.041687
2 0.264400 0.881300 0.026154 0.042221
2 0.284241 0.881300 0.024952 0.042221
2 0.304383 0.881834 0.024351 0.040083
2 0.324525 0.883705 0.024351 0.042756
2 0.345418 0.884774 0.025253 0.041687
2 0.365109 0.885308 0.024952 0.043824
2 0.385402 0.886911 0.025253 0.041687
2 0.406445 0.887446 0.024651 0.044893
2 0.426136 0.887713 0.024351 0.042221
2 0.446729 0.888782 0.024651 0.043290
2 0.467923 0.889316 0.024952 0.043290
2 0.488817 0.889851 0.024050 0.041152
2 0.509710 0.890118 0.024351 0.044893
2 0.530002 0.889316 0.024651 0.043290
2 0.550295 0.888782 0.023148 0.042221
2 0.572090 0.889851 0.025854 0.041152
2 0.591480 0.890385 0.024351 0.043290
2 0.612975 0.890920 0.023449 0.042221
2 0.634019 0.890653 0.025854 0.043824
2 0.654010 0.890385 0.025553 0.042221
2 0.673701 0.890385 0.025253 0.043290
2 0.693994 0.891721 0.026756 0.042756
2 0.715338 0.891721 0.025553 0.047031
2 0.735630 0.890385 0.027658 0.044359
2 0.756223 0.890653 0.024351 0.043824
2 0.776816 0.889851 0.026455 0.044359
2 0.797258 0.890385 0.027056 0.044359
2 0.818452 0.890653 0.024351 0.043824
2 0.838594 0.890385 0.025553 0.043290
2 0.858736 0.890920 0.024952 0.043290
2 0.879329 0.891454 0.025854 0.043290
2 0.899471 0.891721 0.025253 0.042756
2 0.920665 0.892256 0.025553 0.043824
2 0.941108 0.891721 0.024952 0.042756
2 0.963354 0.893325 0.023749 0.042756
2 0.984848 0.893592 0.025854 0.044359
2 0.995731 0.894126 0.008538 0.044359