2 0.462662 0.472001 0.006284 0.020947
2 0.469339 0.472467 0.012306 0.020016
2 0.478242 0.472932 0.011259 0.020016
2 0.487668 0.474329 0.011259 0.020947
2 0.496963 0.473398 0.012044 0.020016
2 0.505865 0.473863 0.012568 0.020016
2 0.515029 0.474096 0.012568 0.020481
2 0.523932 0.474794 0.011521 0.020947
2 0.532965 0.475958 0.011783 0.019550
2 0.542391 0.475492 0.011259 0.020481
2 0.551686 0.476190 0.012044 0.020016
2 0.560589 0.476423 0.012044 0.018619
2 0.569622 0.477820 0.011259 0.019550
2 0.578917 0.477820 0.011521 0.019550
2 0.588212 0.477820 0.012306 0.018619
2 0.596722 0.478518 0.012044 0.020016
2 0.606017 0.478751 0.012306 0.019550
2 0.615312 0.479682 0.012044 0.020481
2 0.624214 0.479216 0.012044 0.019550
2 0.633641 0.480380 0.011521 0.020016
2 0.642543 0.480147 0.011521 0.020481
2 0.651707 0.481078 0.012568 0.019550
2 0.660610 0.481544 0.011521 0.021412
2 0.669250 0.481311 0.012044 0.020016
2 0.678938 0.481544 0.012568 0.018619
2 0.687840 0.482707 0.012044 0.020947
2 0.697005 0.482242 0.012568 0.019085
2 0.705907 0.482475 0.011521 0.020481
2 0.715202 0.482707 0.012306 0.017223
2 0.723843 0.483638 0.011259 0.020016
2 0.733138 0.484104 0.011521 0.019085
2 0.742302 0.484336 0.012044 0.019550
2 0.751074 0.484336 0.011783 0.019550
2 0.760369 0.485267 0.012044 0.019550
2 0.769140 0.485500 0.010735 0.020947
2 0.458473 0.700787 0.005237 0.022343
2 0.464102 0.701252 0.010735 0.020481
2 0.473659 0.701950 0.012044 0.020947
2 0.482824 0.703114 0.010997 0.020481
2 0.491857 0.702649 0.011259 0.018619
2 0.500759 0.703114 0.011783 0.020481
2 0.510316 0.703812 0.011521 0.020016
2 0.519481 0.704743 0.012568 0.021878
2 0.528514 0.705209 0.011259 0.020016
2 0.537809 0.705442 0.010997 0.019550
2 0.546580 0.705674 0.011783 0.019085
2 0.556530 0.705907 0.010212 0.018619
2 0.565302 0.706372 0.012044 0.018619
2 0.573811 0.706605 0.011783 0.020016
2 0.583892 0.707071 0.012568 0.020947
2 0.592925 0.707536 0.012306 0.020016
2 0.601959 0.708234 0.012044 0.020481
2 0.610861 0.708002 0.012044 0.020016
2 0.620025 0.707769 0.012044 0.020481
2 0.629451 0.708700 0.010997 0.019550
2 0.637961 0.709864 0.011783 0.020016
2 0.647518 0.710562 0.012044 0.020481
2 0.656420 0.710329 0.011521 0.020016
2 0.665846 0.711260 0.012044 0.022809
2 0.674487 0.711260 0.013092 0.022809
2 0.684567 0.711493 0.011259 0.022343
2 0.693077 0.711958 0.011521 0.021412
2 0.702110 0.712424 0.011783 0.020481
2 0.711406 0.712889 0.011521 0.022343
2 0.720308 0.713122 0.012568 0.020947
2 0.729341 0.713820 0.012306 0.022343
2 0.738636 0.713820 0.012568 0.021412
2 0.747539 0.713587 0.012044 0.020947
2 0.756048 0.714518 0.011783 0.021878
2 0.765867 0.713587 0.010997 0.020016
2 0.778043 0.485966 0.012306 0.021878
2 0.786945 0.486431 0.012306 0.021878
2 0.796109 0.486664 0.012830 0.023274
2 0.804750 0.487595 0.012830 0.020481
2 0.813914 0.488060 0.010735 0.019550
2 0.822554 0.488526 0.011783 0.019550
2 0.831719 0.489224 0.012306 0.020016
2 0.840752 0.489224 0.012044 0.019085
2 0.849262 0.489690 0.012306 0.020947
2 0.858295 0.489457 0.011521 0.021412
2 0.867459 0.490388 0.010997 0.019550
2 0.875969 0.490388 0.011259 0.020481
2 0.885133 0.490853 0.012306 0.020481
2 0.893643 0.491551 0.012568 0.020016
2 0.902807 0.492250 0.011521 0.021412
2 0.912102 0.492250 0.011783 0.020481
2 0.920873 0.492017 0.011521 0.018154
2 0.930169 0.493413 0.012830 0.020947
2 0.939202 0.493879 0.013092 0.020947
2 0.948497 0.493181 0.010735 0.018619
2 0.774246 0.714751 0.012044 0.021412
2 0.783148 0.715217 0.012568 0.021412
2 0.791920 0.715449 0.011783 0.021878
2 0.801477 0.715217 0.010997 0.021412
2 0.810379 0.716380 0.011521 0.020947
2 0.819282 0.715682 0.011521 0.020481
2 0.828053 0.716613 0.011783 0.019550
2 0.836824 0.716613 0.012044 0.020481
2 0.845727 0.717079 0.012044 0.021412
2 0.854629 0.717079 0.011521 0.021412
2 0.863793 0.717311 0.012044 0.020947
2 0.872827 0.717544 0.011259 0.021412
2 0.881729 0.718242 0.011259 0.023740
2 0.890893 0.718475 0.011259 0.022343
2 0.899534 0.718475 0.012306 0.021412
2 0.909222 0.719872 0.010212 0.019550
2 0.918386 0.719639 0.012830 0.020947
2 0.927027 0.720802 0.011783 0.019550
2 0.936714 0.720570 0.012306 0.020947
2 0.946795 0.720802 0.012044 0.020481
0 0.937631 0.543686 0.032468 0.090769
0 0.937500 0.626775 0.029587 0.091235
0 0.938547 0.692175 0.030635 0.047945
0 0.911709 0.521110 0.059175 0.048410
0 0.869292 0.688219 0.057080 0.049341
0 0.787469 0.685891 0.056818 0.049341
0 0.706038 0.682167 0.057866 0.049341
0 0.830017 0.518782 0.057080 0.049341
0 0.748979 0.516222 0.057342 0.050738
0 0.666501 0.510869 0.058913 0.050272
0 0.622513 0.678676 0.057866 0.048876
0 0.540165 0.675185 0.058651 0.049341
0 0.584154 0.508076 0.058651 0.048410
0 0.501545 0.503887 0.056818 0.048410
0 0.473790 0.524135 0.030111 0.091700
0 0.472612 0.608621 0.032468 0.092166
0 0.470648 0.671694 0.031682 0.050738
1 0.500628 0.568124 0.058651 0.096821
1 0.499057 0.651678 0.057080 0.091700
1 0.542522 0.528790 0.058127 0.089838
1 0.541344 0.611181 0.057866 0.093562
1 0.583106 0.570218 0.060746 0.094493
1 0.581404 0.655867 0.057866 0.093562
1 0.624607 0.530885 0.059437 0.092166
1 0.623560 0.615836 0.059437 0.093562
1 0.665192 0.574640 0.058389 0.096821
1 0.663621 0.658893 0.059437 0.092166
1 0.707478 0.534143 0.058127 0.093097
1 0.707216 0.619560 0.058127 0.093562
1 0.747801 0.577899 0.058127 0.094028
1 0.747015 0.662850 0.057604 0.092631
1 0.788909 0.538333 0.057604 0.091235
1 0.788647 0.621654 0.058127 0.093097
1 0.829493 0.582088 0.058651 0.093097
1 0.828577 0.665177 0.057342 0.092631
1 0.870078 0.541126 0.057080 0.093097
1 0.869161 0.625145 0.057866 0.094493
1 0.910269 0.585579 0.058913 0.093562
1 0.910531 0.668436 0.059960 0.091700