2 0.014205 0.117845 0.028409 0.044092
2 0.035850 0.119448 0.026605 0.047298
2 0.058622 0.119849 0.029762 0.046497
2 0.080718 0.119448 0.028860 0.045695
2 0.102363 0.120250 0.029762 0.045695
2 0.124233 0.119048 0.029311 0.046497
2 0.146555 0.120651 0.028860 0.046497
2 0.168651 0.120250 0.028860 0.045695
2 0.190972 0.120651 0.028409 0.048100
2 0.211264 0.119448 0.028409 0.047298
2 0.233360 0.119448 0.027507 0.045695
2 0.255005 0.117845 0.028409 0.047298
2 0.277101 0.117845 0.027507 0.045695
2 0.299874 0.117444 0.027958 0.044893
2 0.321970 0.117043 0.027056 0.045695
2 0.344291 0.117043 0.029311 0.047298
2 0.365936 0.115841 0.028409 0.048100
2 0.388483 0.116643 0.029311 0.046497
2 0.411255 0.117043 0.028860 0.045695
2 0.432900 0.116643 0.027958 0.046497
2 0.455447 0.116643 0.027958 0.044893
2 0.477543 0.115841 0.028860 0.046497
2 0.500316 0.115440 0.029311 0.044092
2 0.523539 0.115440 0.027958 0.044092
2 0.011273 0.675405 0.022546 0.048100
2 0.031115 0.674603 0.027958 0.044893
2 0.053211 0.674202 0.028860 0.045695
2 0.074856 0.675405 0.027958 0.046497
2 0.097177 0.675806 0.029311 0.047298
2 0.118822 0.675405 0.031115 0.046497
2 0.141820 0.675004 0.029311 0.047298
2 0.163240 0.676207 0.027958 0.046497
2 0.185110 0.676607 0.027507 0.045695
2 0.207206 0.677409 0.029311 0.045695
2 0.228400 0.676607 0.028409 0.044092
2 0.250045 0.677810 0.030213 0.046497
2 0.272817 0.678211 0.028860 0.045695
2 0.294913 0.678211 0.028860 0.045695
2 0.317235 0.678211 0.029311 0.045695
2 0.339556 0.679814 0.028860 0.045695
2 0.361201 0.678211 0.030664 0.047298
2 0.383748 0.679413 0.027958 0.046497
2 0.406972 0.679413 0.027507 0.048100
2 0.429518 0.680616 0.028409 0.047298
2 0.452967 0.681017 0.029311 0.046497
2 0.474838 0.681417 0.029762 0.045695
2 0.496708 0.681818 0.030213 0.044893
2 0.519706 0.681818 0.026605 0.046497
2 0.543155 0.682620 0.028409 0.046497
2 0.544733 0.116242 0.029762 0.047298
2 0.568182 0.117043 0.028860 0.048902
2 0.590503 0.116242 0.029311 0.047298
2 0.613501 0.117043 0.029311 0.045695
2 0.636048 0.117043 0.029311 0.045695
2 0.658144 0.117043 0.028409 0.044092
2 0.681142 0.117845 0.029311 0.045695
2 0.702336 0.118647 0.029311 0.045695
2 0.724883 0.118647 0.029311 0.044092
2 0.747204 0.119448 0.027958 0.047298
2 0.770202 0.121052 0.029762 0.045695
2 0.791171 0.121453 0.029311 0.044893
2 0.813267 0.121453 0.028409 0.046497
2 0.835137 0.121052 0.027958 0.045695
2 0.857684 0.121853 0.030664 0.045695
2 0.880682 0.123056 0.028860 0.048100
2 0.903003 0.123056 0.027507 0.046497
2 0.924874 0.122254 0.027958 0.046497
2 0.948097 0.122254 0.028409 0.048100
2 0.971546 0.122655 0.027507 0.047298
2 0.989719 0.120250 0.020562 0.047298
2 0.564800 0.681417 0.029311 0.047298
2 0.588023 0.682219 0.028860 0.045695
2 0.610570 0.682620 0.027958 0.048100
2 0.633342 0.682620 0.028409 0.048100
2 0.656791 0.682219 0.029311 0.047298
2 0.678211 0.682620 0.027958 0.046497
2 0.701434 0.682219 0.028409 0.045695
2 0.723530 0.682219 0.027507 0.045695
2 0.746302 0.683822 0.028860 0.048902
2 0.768398 0.682620 0.027056 0.046497
2 0.790494 0.683021 0.027958 0.048902
2 0.812816 0.683021 0.027507 0.047298
2 0.834235 0.682219 0.027056 0.047298
2 0.856331 0.681818 0.027056 0.044893
2 0.878878 0.682219 0.027056 0.045695
2 0.900523 0.681818 0.027056 0.048100
2 0.923746 0.681417 0.028409 0.047298
2 0.946519 0.682620 0.027958 0.046497
2 0.969517 0.683021 0.027056 0.045695
2 0.988591 0.683021 0.022817 0.047298
0 0.416667 0.604457 0.143398 0.114638
0 0.518128 0.191599 0.141595 0.117845
0 0.722628 0.193202 0.138438 0.116242
0 0.620040 0.608065 0.141595 0.117043
0 0.824540 0.608866 0.138438 0.113837
0 0.924648 0.194805 0.141144 0.114638
0 0.977994 0.248116 0.044012 0.222864
0 0.977318 0.452942 0.045364 0.220459
0 0.979347 0.606862 0.041306 0.113035
1 0.416374 0.240500 0.140377 0.223665
1 0.416599 0.448533 0.140828 0.224467
1 0.517902 0.345118 0.141144 0.226070
1 0.517677 0.556357 0.141595 0.220459
1 0.620491 0.244909 0.140693 0.218054
1 0.620942 0.452541 0.141595 0.224467
1 0.722403 0.347523 0.140693 0.224467
1 0.723304 0.556758 0.142496 0.224467
1 0.823187 0.246513 0.138438 0.219657
1 0.823638 0.452942 0.139340 0.225269
1 0.923521 0.350329 0.140693 0.217252
1 0.926227 0.555956 0.138889 0.219657
0 0.314326 0.189033 0.135958 0.117605
0 0.213474 0.603896 0.136364 0.114719
0 0.042411 0.601371 0.084821 0.113997
0 0.115869 0.191919 0.140828 0.113276
1 0.314529 0.345599 0.137987 0.222944
1 0.314123 0.551948 0.138799 0.218615
1 0.214286 0.243506 0.136364 0.220779
1 0.214083 0.449134 0.136769 0.220779
1 0.115463 0.345599 0.136769 0.221501
1 0.114042 0.549784 0.138799 0.215729
1 0.042411 0.447691 0.084821 0.216450
1 0.042208 0.243506 0.084416 0.219336