2 0.733329 0.053835 0.025599 0.053280
2 0.711476 0.052725 0.026848 0.046620
2 0.690559 0.052725 0.027473 0.042180
2 0.669018 0.052725 0.026848 0.044400
2 0.650287 0.051615 0.030594 0.044400
2 0.628746 0.051060 0.027473 0.047730
2 0.609391 0.051060 0.028721 0.045510
2 0.589723 0.052170 0.029346 0.047730
2 0.567245 0.052725 0.029346 0.044400
2 0.548514 0.051615 0.029346 0.044400
2 0.527285 0.050447 0.028097 0.048723
2 0.507617 0.049950 0.031219 0.047730
2 0.486389 0.051060 0.027473 0.047730
2 0.467623 0.052910 0.030664 0.045695
2 0.444625 0.052108 0.027958 0.047298
2 0.425685 0.052910 0.031566 0.044092
2 0.405393 0.053397 0.028860 0.045065
2 0.386228 0.053712 0.030213 0.044092
2 0.364487 0.055659 0.025510 0.044664
2 0.343228 0.054284 0.025510 0.044664
2 0.323902 0.054971 0.026283 0.041916
2 0.303030 0.056689 0.025510 0.045351
2 0.283704 0.056346 0.025510 0.041916
2 0.263992 0.058064 0.024737 0.046726
2 0.243700 0.057720 0.023578 0.043290
2 0.223987 0.057376 0.027443 0.043977
2 0.205434 0.059094 0.028989 0.041916
2 0.184369 0.059438 0.025510 0.043977
2 0.164270 0.058751 0.026283 0.043977
2 0.144171 0.058751 0.024737 0.043977
2 0.125232 0.059094 0.027829 0.043290
2 0.104553 0.059438 0.028216 0.043977
2 0.084841 0.059094 0.025897 0.044664
2 0.064162 0.059094 0.027829 0.046039
2 0.042904 0.059094 0.028602 0.044664
2 0.022998 0.059438 0.025897 0.043977
2 0.009083 0.060469 0.018166 0.047413
2 0.005991 0.565176 0.011982 0.049474
2 0.018939 0.565176 0.024737 0.049474
2 0.038459 0.563458 0.027443 0.044664
2 0.058364 0.564145 0.027829 0.044664
2 0.077497 0.564832 0.026670 0.043290
2 0.099335 0.564488 0.027829 0.042603
2 0.118275 0.563801 0.026283 0.043977
2 0.137407 0.563801 0.027443 0.046726
2 0.157699 0.564832 0.027829 0.044664
2 0.177025 0.564488 0.024737 0.042603
2 0.196545 0.565176 0.025124 0.042603
2 0.218383 0.564832 0.025510 0.043290
2 0.236742 0.565176 0.025124 0.043977
2 0.256841 0.565176 0.023578 0.045351
2 0.276554 0.565863 0.025124 0.046726
2 0.297039 0.565863 0.025124 0.045351
2 0.316752 0.566206 0.024351 0.047413
2 0.337817 0.566893 0.026283 0.048787
2 0.358109 0.566550 0.026670 0.048100
2 0.378981 0.567581 0.025897 0.048787
2 0.399080 0.567924 0.026670 0.048100
2 0.419566 0.569986 0.025124 0.050849
2 0.440824 0.567581 0.025124 0.048787
2 0.461310 0.568268 0.027443 0.048787
2 0.481602 0.566893 0.030148 0.046039
2 0.503247 0.568955 0.025510 0.050161
2 0.524119 0.567924 0.025510 0.046726
2 0.544218 0.567581 0.025510 0.048787
2 0.564896 0.567924 0.026670 0.045351
2 0.585768 0.568268 0.026670 0.046039
2 0.606640 0.569642 0.027443 0.047413
2 0.627319 0.568955 0.027056 0.047413
2 0.648771 0.568268 0.028216 0.047413
2 0.669256 0.568268 0.027443 0.044664
2 0.689935 0.567924 0.027056 0.045351
2 0.711000 0.567924 0.025897 0.045351
2 0.733418 0.569986 0.028216 0.046726
0 0.712662 0.165224 0.076299 0.210678
0 0.713880 0.356421 0.080357 0.215007
0 0.713474 0.497835 0.077922 0.116883
0 0.648945 0.116883 0.130682 0.131313
0 0.464286 0.116883 0.134740 0.122655
0 0.554789 0.500000 0.135552 0.129870
0 0.367289 0.494949 0.135552 0.116883
0 0.280032 0.119769 0.134740 0.116883
0 0.184253 0.498557 0.126623 0.112554
0 0.034497 0.496392 0.068994 0.111111
0 0.099432 0.123377 0.130682 0.112554
1 0.035308 0.169553 0.070616 0.213564
1 0.034903 0.358586 0.069805 0.219336
1 0.098214 0.266234 0.129870 0.216450
1 0.095779 0.452381 0.129870 0.210678
1 0.186688 0.172439 0.129870 0.210678
1 0.187094 0.356421 0.130682 0.215007
1 0.279221 0.262626 0.129870 0.217893
1 0.278003 0.445166 0.129058 0.213564
1 0.370130 0.170274 0.131494 0.215007
1 0.368101 0.356421 0.132305 0.217893
1 0.463474 0.261905 0.131494 0.225108
1 0.464286 0.448773 0.133117 0.215007
1 0.555195 0.171717 0.131494 0.209235
1 0.556006 0.350649 0.133117 0.217893
1 0.649756 0.259740 0.133929 0.220779
1 0.649756 0.451659 0.133929 0.223665