2 0.254261 0.215954 0.017451 0.048611
2 0.269125 0.213294 0.025873 0.046898
2 0.289418 0.212392 0.025873 0.046898
2 0.308949 0.212843 0.027394 0.047799
2 0.330256 0.212843 0.026380 0.047799
2 0.350802 0.211941 0.025873 0.045996
2 0.372108 0.212392 0.027902 0.046898
2 0.392147 0.212392 0.026380 0.045094
2 0.413200 0.211039 0.025873 0.045996
2 0.432731 0.211039 0.026380 0.044192
2 0.454038 0.211941 0.028409 0.044192
2 0.475599 0.211039 0.026887 0.045996
2 0.495891 0.211941 0.024858 0.044192
2 0.517198 0.211039 0.026887 0.042388
2 0.537490 0.209686 0.026887 0.043290
2 0.558797 0.210588 0.025873 0.043290
2 0.579089 0.210137 0.023843 0.044192
2 0.601157 0.210588 0.026380 0.043290
2 0.621195 0.211039 0.025873 0.044192
2 0.642502 0.209235 0.026887 0.045996
2 0.663048 0.209686 0.028409 0.045094
2 0.683847 0.209686 0.027394 0.045094
2 0.705408 0.209686 0.025873 0.045094
2 0.725193 0.209686 0.028916 0.043290
2 0.745485 0.209686 0.025873 0.045094
2 0.767045 0.209686 0.025365 0.045094
2 0.787338 0.211490 0.028409 0.046898
2 0.807630 0.212392 0.027394 0.046898
2 0.249594 0.732323 0.012175 0.047799
2 0.264052 0.734578 0.026887 0.046898
2 0.283584 0.734127 0.026380 0.045996
2 0.304637 0.733676 0.025873 0.045094
2 0.326705 0.732323 0.027394 0.045996
2 0.346489 0.731872 0.024351 0.045094
2 0.367796 0.733225 0.024351 0.044192
2 0.388088 0.733225 0.025365 0.047799
2 0.408381 0.733676 0.025365 0.045094
2 0.429687 0.732774 0.026380 0.043290
2 0.450741 0.733676 0.026887 0.041486
2 0.471794 0.733676 0.027394 0.046898
2 0.493862 0.734578 0.026887 0.046898
2 0.513139 0.733225 0.024858 0.045996
2 0.535207 0.734578 0.026380 0.046898
2 0.556514 0.732774 0.026380 0.046898
2 0.576806 0.732323 0.025365 0.044192
2 0.598874 0.731421 0.024858 0.045996
2 0.619420 0.730519 0.026380 0.045996
2 0.639712 0.731872 0.028409 0.048701
2 0.660004 0.731872 0.024351 0.046898
2 0.683086 0.730069 0.026887 0.045094
2 0.702110 0.731421 0.026380 0.045996
2 0.723164 0.730069 0.025873 0.046898
2 0.743456 0.729618 0.024858 0.045996
2 0.764002 0.730519 0.026380 0.051407
2 0.785816 0.728716 0.024351 0.045996
2 0.806869 0.729167 0.023843 0.046898
2 0.827228 0.212392 0.027021 0.045094
2 0.828683 0.731872 0.030946 0.052309
0 0.278764 0.332792 0.072545 0.201118
0 0.278764 0.521284 0.072545 0.208333
0 0.278764 0.665584 0.071530 0.114538
0 0.341924 0.275974 0.131899 0.112734
0 0.530895 0.275523 0.132407 0.110029
0 0.719105 0.275523 0.129363 0.106421
0 0.435014 0.666035 0.133421 0.111833
0 0.621195 0.663781 0.139509 0.107323
0 0.811942 0.663781 0.129363 0.114538
1 0.341670 0.615530 0.130377 0.207431
1 0.343446 0.427038 0.131899 0.212843
1 0.435268 0.328734 0.132914 0.207431
1 0.436536 0.522637 0.131392 0.214646
1 0.529880 0.423882 0.134436 0.215548
1 0.529373 0.615981 0.133421 0.208333
1 0.624493 0.329185 0.135958 0.208333
1 0.624746 0.518579 0.134436 0.213745
1 0.718851 0.423882 0.134943 0.217352
1 0.717583 0.614628 0.131392 0.211039
1 0.811608 0.326930 0.131739 0.209235
1 0.811782 0.515422 0.133101 0.212843
2 0.849026 0.211400 0.032468 0.046176
2 0.868912 0.209235 0.026786 0.044733
2 0.890828 0.209235 0.026786 0.044733
2 0.910714 0.208514 0.030844 0.046176
2 0.932224 0.207792 0.026786 0.047619
2 0.952922 0.209957 0.029221 0.043290
2 0.974026 0.207792 0.030844 0.041847
2 0.991477 0.207792 0.015422 0.050505
2 0.987013 0.728716 0.025974 0.050505
2 0.847278 0.729271 0.027473 0.049950
2 0.972104 0.728336 0.029477 0.047847
2 0.950957 0.726437 0.032468 0.042531
2 0.929810 0.726437 0.026914 0.044050
2 0.909732 0.727577 0.029477 0.046328
2 0.887303 0.727577 0.029050 0.043290
2 0.868079 0.727197 0.029050 0.044050
0 0.905887 0.274930 0.133715 0.113162
0 0.968002 0.658464 0.063995 0.111643
1 0.905460 0.423407 0.136278 0.214172
1 0.905673 0.613655 0.133288 0.207337
1 0.966080 0.324675 0.067840 0.209615
1 0.966721 0.517202 0.066558 0.211893