2 0.345488 0.383505 0.006660 0.019240
2 0.351940 0.383135 0.011655 0.019980
2 0.361097 0.383505 0.010823 0.019980
2 0.370151 0.383320 0.011447 0.019610
2 0.379412 0.383505 0.012488 0.019240
2 0.388258 0.382950 0.012696 0.020350
2 0.397727 0.384060 0.012071 0.020350
2 0.406885 0.383505 0.011239 0.020720
2 0.415938 0.384060 0.011447 0.021090
2 0.425408 0.383875 0.011655 0.019240
2 0.434461 0.384615 0.011863 0.019240
2 0.443619 0.384800 0.011863 0.020350
2 0.452568 0.384245 0.011863 0.019980
2 0.461934 0.384245 0.011863 0.019240
2 0.471091 0.384430 0.012279 0.020350
2 0.480145 0.384800 0.012071 0.018870
2 0.489510 0.384985 0.011239 0.019980
2 0.498772 0.385540 0.011863 0.019610
2 0.507617 0.385540 0.011239 0.021090
2 0.516983 0.385540 0.011239 0.021090
2 0.526245 0.385725 0.011863 0.019980
2 0.535506 0.385170 0.010823 0.021090
2 0.544560 0.385910 0.012279 0.020350
2 0.553509 0.385910 0.011863 0.020350
2 0.562979 0.386465 0.011655 0.020720
2 0.572136 0.386280 0.011239 0.020350
2 0.581294 0.386095 0.012071 0.020720
2 0.342574 0.614016 0.006244 0.019980
2 0.349338 0.614201 0.012279 0.020350
2 0.357767 0.614571 0.010823 0.020350
2 0.367549 0.615311 0.011239 0.021830
2 0.376290 0.614941 0.011239 0.020350
2 0.385448 0.615126 0.011655 0.020720
2 0.394814 0.616051 0.011655 0.020350
2 0.403659 0.616236 0.011863 0.020720
2 0.413129 0.615496 0.011655 0.020720
2 0.422182 0.615496 0.011447 0.021460
2 0.431444 0.615681 0.011655 0.019610
2 0.440809 0.616051 0.011239 0.021090
2 0.449759 0.616236 0.011655 0.019980
2 0.459124 0.615866 0.011655 0.020720
2 0.468386 0.616791 0.012279 0.021090
2 0.477543 0.616791 0.011863 0.020350
2 0.487013 0.616976 0.011239 0.019980
2 0.496275 0.617161 0.011447 0.021090
2 0.505224 0.616976 0.011863 0.020720
2 0.514694 0.616976 0.011239 0.021460
2 0.523955 0.616976 0.011447 0.021460
2 0.533009 0.617531 0.012488 0.020350
2 0.542270 0.616976 0.011863 0.019980
2 0.551220 0.617531 0.011447 0.021090
2 0.560897 0.618086 0.011239 0.019980
2 0.569951 0.617716 0.011447 0.021460
2 0.579108 0.618086 0.011031 0.020720
2 0.588994 0.618086 0.012071 0.020720
2 0.590139 0.386465 0.011863 0.019980
2 0.599713 0.386650 0.012279 0.021090
2 0.608974 0.386280 0.012071 0.020350
2 0.617924 0.386095 0.012071 0.019980
2 0.627289 0.386280 0.012488 0.019610
2 0.636343 0.386280 0.012279 0.021090
2 0.645500 0.386650 0.011863 0.019610
2 0.654970 0.386835 0.012071 0.019980
2 0.664128 0.387020 0.011655 0.020350
2 0.673493 0.387575 0.011655 0.020720
2 0.682547 0.388130 0.012279 0.020350
2 0.692016 0.388130 0.012071 0.019610
2 0.700862 0.387945 0.012279 0.019240
2 0.710019 0.387760 0.012279 0.019610
2 0.719281 0.388315 0.011655 0.019980
2 0.728542 0.388870 0.011863 0.019610
2 0.737388 0.388685 0.012071 0.019980
2 0.746337 0.389240 0.011655 0.018870
2 0.756015 0.389055 0.012279 0.019240
2 0.765068 0.388870 0.011239 0.018870
2 0.774122 0.389795 0.011863 0.019980
2 0.783071 0.389425 0.011863 0.019240
2 0.791604 0.389795 0.011447 0.019240
2 0.801074 0.390535 0.012071 0.019980
2 0.809711 0.390350 0.011447 0.018870
2 0.818869 0.390165 0.011031 0.019980
2 0.828026 0.390350 0.011447 0.018870
2 0.837080 0.391090 0.012488 0.020350
2 0.597944 0.617901 0.012488 0.019610
2 0.606893 0.618456 0.012488 0.020720
2 0.616259 0.618826 0.011239 0.020720
2 0.625416 0.618826 0.012071 0.020720
2 0.634158 0.619011 0.011655 0.019610
2 0.643731 0.619196 0.012071 0.019240
2 0.652577 0.619011 0.012279 0.019610
2 0.662046 0.618826 0.012488 0.019980
2 0.671308 0.619011 0.011863 0.020350
2 0.680569 0.619011 0.012071 0.020350
2 0.689519 0.619751 0.011655 0.021090
2 0.699509 0.619936 0.011655 0.019980
2 0.708146 0.620121 0.011863 0.021090
2 0.717512 0.620306 0.011863 0.019980
2 0.726981 0.619566 0.012071 0.019980
2 0.735410 0.620121 0.011863 0.020350
2 0.744776 0.620121 0.011447 0.020350
2 0.754038 0.620306 0.011655 0.020720
2 0.763091 0.620861 0.011863 0.020350
2 0.772353 0.621416 0.011655 0.020720
2 0.781614 0.620861 0.010614 0.019610
2 0.789835 0.621231 0.012071 0.020350
2 0.799409 0.620861 0.010823 0.019610
2 0.808566 0.621046 0.010823 0.019980
2 0.817932 0.621416 0.011239 0.020720
2 0.826777 0.621231 0.011447 0.019610
2 0.835831 0.621231 0.012071 0.019610
0 0.828338 0.441410 0.031219 0.089910
0 0.827714 0.526696 0.030386 0.090280
0 0.828026 0.590336 0.029762 0.048840
0 0.801346 0.419867 0.057342 0.047945
0 0.717951 0.418470 0.058127 0.047014
0 0.634426 0.416841 0.059175 0.048410
0 0.758929 0.590234 0.057866 0.047014
0 0.675272 0.589070 0.058127 0.049341
0 0.591223 0.587674 0.058127 0.049341
0 0.550246 0.416143 0.058389 0.047014
0 0.508222 0.586976 0.058651 0.047014
0 0.424042 0.585114 0.058913 0.049807
0 0.467114 0.415445 0.058651 0.048410
0 0.384766 0.413583 0.057866 0.048410
0 0.356488 0.435693 0.029587 0.092631
0 0.355834 0.519946 0.031420 0.094493
0 0.355572 0.583717 0.031944 0.050738
1 0.384243 0.477587 0.057866 0.092631
1 0.383326 0.562072 0.058651 0.090304
1 0.426005 0.436159 0.058127 0.092631
1 0.425482 0.519946 0.059175 0.092631
1 0.466852 0.478518 0.058651 0.093562
1 0.466328 0.564633 0.058127 0.091700
1 0.509400 0.438254 0.058389 0.093097
1 0.508483 0.522273 0.058651 0.094493
1 0.549984 0.478983 0.059437 0.094493
1 0.549722 0.565098 0.058389 0.094493
1 0.592663 0.438254 0.058389 0.094028
1 0.592140 0.523437 0.058389 0.094028
1 0.633771 0.481311 0.059437 0.093562
1 0.633902 0.566029 0.059175 0.094493
1 0.675927 0.439883 0.058913 0.093562
1 0.675141 0.525532 0.059437 0.092631
1 0.717559 0.481776 0.058389 0.093562
1 0.717559 0.567193 0.058389 0.093097
1 0.759190 0.441046 0.057342 0.094028
1 0.759059 0.523903 0.059175 0.094959
1 0.800168 0.483871 0.057080 0.092166
1 0.800037 0.568822 0.057342 0.092631