2 0.399351 0.432900 0.011688 0.019048
2 0.389935 0.432612 0.009740 0.018470
2 0.380844 0.432612 0.010390 0.020779
2 0.372078 0.431746 0.010390 0.019048
2 0.363312 0.432035 0.011039 0.019625
2 0.353896 0.432035 0.011039 0.019625
2 0.345130 0.431746 0.011039 0.021356
2 0.335714 0.431746 0.011039 0.020202
2 0.326786 0.430592 0.010714 0.020202
2 0.317695 0.431457 0.010714 0.018470
2 0.308929 0.430303 0.011364 0.020779
2 0.300000 0.430880 0.011688 0.020779
2 0.290747 0.430303 0.011364 0.020779
2 0.281981 0.430880 0.011364 0.019625
2 0.272727 0.431457 0.010390 0.018470
2 0.263474 0.430014 0.011364 0.020202
2 0.254870 0.430592 0.010390 0.021356
2 0.246266 0.431169 0.011364 0.020202
2 0.237175 0.430592 0.010714 0.019048
2 0.228571 0.430014 0.010390 0.019048
2 0.219481 0.430014 0.011039 0.020202
2 0.210552 0.430303 0.010714 0.020779
2 0.202273 0.430592 0.010390 0.020202
2 0.193182 0.430592 0.010390 0.019048
2 0.184416 0.430592 0.010390 0.019048
2 0.176299 0.429437 0.010390 0.019048
2 0.167532 0.430014 0.010390 0.019048
2 0.158766 0.430592 0.011039 0.019048
2 0.149675 0.430014 0.011039 0.020202
2 0.140747 0.429437 0.010065 0.020202
2 0.132468 0.429726 0.010390 0.019625
2 0.123701 0.430014 0.011039 0.020202
2 0.114610 0.429726 0.011039 0.018470
2 0.106006 0.429726 0.011364 0.018470
2 0.097078 0.428571 0.011039 0.018470
2 0.088149 0.428860 0.010714 0.020202
2 0.079708 0.429149 0.010065 0.018470
2 0.070617 0.429726 0.010714 0.021934
2 0.062175 0.428571 0.010714 0.019625
2 0.053247 0.428571 0.010390 0.019625
2 0.044481 0.427706 0.010390 0.020202
2 0.035552 0.427706 0.010714 0.020202
2 0.025974 0.427706 0.010390 0.020202
2 0.017695 0.427417 0.010714 0.019625
2 0.007955 0.426840 0.010065 0.018470
2 0.002435 0.427128 0.004870 0.021356
2 0.396916 0.663781 0.011364 0.022511
2 0.387500 0.662626 0.010714 0.020202
2 0.378409 0.662338 0.011364 0.020779
2 0.368994 0.661760 0.012013 0.020779
2 0.360227 0.662915 0.012013 0.020779
2 0.351461 0.661183 0.012013 0.019625
2 0.342208 0.661472 0.011688 0.020202
2 0.333442 0.661472 0.011688 0.020202
2 0.324188 0.661472 0.011364 0.021356
2 0.314935 0.661472 0.011688 0.021356
2 0.306169 0.660606 0.011039 0.021934
2 0.296916 0.661183 0.011364 0.021934
2 0.288149 0.660895 0.012013 0.021356
2 0.278247 0.660029 0.010390 0.019625
2 0.270130 0.660029 0.011688 0.018470
2 0.261201 0.659452 0.010714 0.019625
2 0.252597 0.658874 0.011688 0.019625
2 0.243506 0.658874 0.012338 0.019625
2 0.234416 0.658009 0.011039 0.020202
2 0.225325 0.658297 0.012338 0.019625
2 0.217208 0.658297 0.011688 0.019625
2 0.208279 0.657720 0.011364 0.019625
2 0.199188 0.657431 0.011364 0.020202
2 0.190909 0.657431 0.012338 0.021356
2 0.181494 0.656854 0.010390 0.019048
2 0.173701 0.657143 0.011688 0.020779
2 0.165097 0.656292 0.011364 0.020172
2 0.156331 0.656580 0.011364 0.020750
2 0.147240 0.656277 0.012013 0.021356
2 0.138961 0.655411 0.011688 0.020779
2 0.130195 0.655411 0.011688 0.020779
2 0.120942 0.655123 0.012013 0.020202
2 0.112338 0.654545 0.011688 0.019048
2 0.103084 0.653968 0.010714 0.020202
2 0.094643 0.654545 0.010714 0.020202
2 0.085877 0.654790 0.011364 0.020868
2 0.077273 0.653968 0.011039 0.020202
2 0.067857 0.653680 0.011039 0.020779
2 0.059091 0.653680 0.011688 0.018470
2 0.049513 0.653391 0.011364 0.020202
2 0.041234 0.653968 0.011039 0.020202
2 0.032305 0.653391 0.010714 0.019048
2 0.023052 0.653450 0.011039 0.018929
2 0.013695 0.653680 0.011572 0.021934
2 0.005682 0.653265 0.011364 0.019299
0 0.389949 0.484608 0.030438 0.090789
0 0.389441 0.568182 0.030777 0.091991
0 0.388934 0.632816 0.030438 0.050505
0 0.362385 0.463264 0.057833 0.050505
0 0.320279 0.631614 0.057495 0.048100
0 0.280878 0.461460 0.055804 0.049303
0 0.238264 0.629810 0.055127 0.048100
0 0.200216 0.460558 0.057495 0.047499
0 0.159463 0.627706 0.055127 0.047499
0 0.120908 0.458153 0.057156 0.046296
0 0.078971 0.625601 0.056480 0.046898
0 0.039570 0.457852 0.058171 0.048100
0 0.013190 0.623497 0.026380 0.049904
1 0.361709 0.525493 0.059862 0.094396
1 0.361709 0.610570 0.059186 0.091390
1 0.320955 0.482504 0.057495 0.093795
1 0.320955 0.566679 0.056818 0.092593
1 0.280202 0.523990 0.056480 0.092593
1 0.279525 0.609668 0.057156 0.094396
1 0.240632 0.481602 0.057156 0.090789
1 0.238772 0.565176 0.056818 0.091991
1 0.199371 0.522186 0.055804 0.094998
1 0.199202 0.607564 0.057495 0.092593
1 0.160816 0.481000 0.055127 0.093194
1 0.160478 0.563672 0.055804 0.092593
1 0.120062 0.520683 0.057495 0.091991
1 0.119217 0.604257 0.057833 0.091991
1 0.080323 0.480399 0.057156 0.090789
1 0.080662 0.561869 0.056480 0.090188
1 0.040415 0.519781 0.055804 0.093795
1 0.040246 0.604257 0.058171 0.090789
1 0.014374 0.477994 0.028747 0.091991
1 0.014374 0.560967 0.028747 0.091991