2 0.294185 0.471010 0.004371 0.014430
2 0.298972 0.471565 0.008117 0.014060
2 0.305112 0.471195 0.007493 0.014060
2 0.311251 0.471010 0.008117 0.013690
2 0.317599 0.471010 0.008325 0.013690
2 0.324259 0.471010 0.008325 0.013690
2 0.330503 0.471195 0.008741 0.013320
2 0.336747 0.471010 0.007909 0.013690
2 0.342990 0.471380 0.008741 0.013690
2 0.349234 0.471380 0.008325 0.013690
2 0.355790 0.471380 0.007701 0.013690
2 0.362242 0.471935 0.007701 0.013320
2 0.368382 0.472305 0.007909 0.014060
2 0.374938 0.471935 0.008533 0.014060
2 0.381181 0.472120 0.008117 0.012950
2 0.387633 0.472120 0.008949 0.012950
2 0.393877 0.472490 0.008533 0.013690
2 0.400121 0.472120 0.008533 0.013690
2 0.406677 0.472305 0.008325 0.013320
2 0.412816 0.472675 0.007701 0.013320
2 0.419476 0.472675 0.008533 0.013320
2 0.425616 0.472675 0.007909 0.013320
2 0.432172 0.473045 0.008533 0.014060
2 0.438520 0.473045 0.008741 0.014060
2 0.444764 0.472860 0.008325 0.013690
2 0.451111 0.472860 0.008117 0.014430
2 0.457667 0.473045 0.008325 0.014060
2 0.464119 0.473045 0.008741 0.013320
2 0.470467 0.473415 0.008533 0.013320
2 0.476711 0.473230 0.008117 0.013690
2 0.483059 0.473415 0.008325 0.013320
2 0.489719 0.473415 0.008325 0.013320
2 0.495858 0.473600 0.008533 0.013690
2 0.502622 0.473415 0.008325 0.014060
2 0.509074 0.473785 0.008741 0.013320
2 0.515422 0.473970 0.008949 0.013690
2 0.521770 0.473970 0.008325 0.012950
2 0.528222 0.474155 0.008325 0.014060
2 0.534778 0.473785 0.008533 0.014060
2 0.292624 0.630111 0.004163 0.013690
2 0.296682 0.631036 0.008117 0.014800
2 0.302926 0.631221 0.008117 0.013690
2 0.309378 0.630851 0.008117 0.013690
2 0.315830 0.631036 0.008949 0.013320
2 0.321970 0.631221 0.008741 0.014430
2 0.328213 0.631591 0.007909 0.013690
2 0.334457 0.631776 0.008741 0.013320
2 0.341117 0.631776 0.008741 0.014060
2 0.347465 0.632146 0.008949 0.014060
2 0.353709 0.632146 0.008949 0.014060
2 0.360057 0.631591 0.008325 0.013690
2 0.366300 0.632701 0.008741 0.013690
2 0.372544 0.632516 0.008325 0.013320
2 0.378996 0.632331 0.008741 0.013690
2 0.385656 0.632886 0.008325 0.014060
2 0.392108 0.632701 0.008325 0.014430
2 0.398248 0.632331 0.008533 0.013690
2 0.404595 0.632886 0.008741 0.014060
2 0.411151 0.632886 0.008117 0.014060
2 0.417499 0.633256 0.008325 0.014060
2 0.423743 0.633256 0.008325 0.014800
2 0.430195 0.633626 0.008741 0.013320
2 0.436855 0.633811 0.008325 0.013690
2 0.443099 0.633996 0.008325 0.014800
2 0.449446 0.633626 0.008117 0.014060
2 0.456210 0.633996 0.008741 0.014060
2 0.462246 0.633996 0.007909 0.014060
2 0.468594 0.633811 0.008533 0.014430
2 0.475150 0.634366 0.008325 0.014800
2 0.481498 0.634366 0.007701 0.014060
2 0.487741 0.634551 0.008117 0.013690
2 0.494297 0.634736 0.007493 0.014060
2 0.500541 0.634736 0.008325 0.013320
2 0.507201 0.634921 0.008741 0.013690
2 0.513341 0.634551 0.008533 0.013690
2 0.520209 0.635291 0.008117 0.014430
2 0.526141 0.634921 0.008741 0.013690
2 0.532696 0.635476 0.008117 0.014060
2 0.540709 0.474710 0.007909 0.013690
2 0.547681 0.474525 0.008533 0.014800
2 0.553821 0.474525 0.008741 0.013320
2 0.560169 0.474895 0.008949 0.014060
2 0.566517 0.474340 0.008741 0.013690
2 0.573073 0.474710 0.008533 0.013690
2 0.579733 0.474895 0.008117 0.014060
2 0.585768 0.475265 0.008117 0.013320
2 0.592532 0.475080 0.008741 0.013690
2 0.598568 0.475450 0.008741 0.013690
2 0.605228 0.474895 0.007909 0.014060
2 0.611680 0.475450 0.008325 0.014430
2 0.618340 0.475080 0.007909 0.013690
2 0.624584 0.475635 0.008325 0.014060
2 0.631036 0.475635 0.008325 0.014060
2 0.637279 0.475820 0.008325 0.013690
2 0.538940 0.635661 0.008533 0.013690
2 0.545704 0.635476 0.008325 0.014060
2 0.551948 0.635846 0.008325 0.014060
2 0.558296 0.635476 0.008533 0.014060
2 0.564852 0.635846 0.008325 0.014060
2 0.571304 0.636031 0.009158 0.013690
2 0.577860 0.635661 0.009366 0.013690
2 0.583999 0.636401 0.008741 0.013690
2 0.590555 0.636586 0.009366 0.014800
2 0.596695 0.636216 0.008325 0.014060
2 0.603459 0.636216 0.008533 0.013320
2 0.609911 0.636401 0.008117 0.013690
2 0.616467 0.636771 0.007909 0.013690
2 0.622815 0.637511 0.008117 0.014430
2 0.629475 0.636956 0.008533 0.014060
2 0.635823 0.637696 0.009158 0.014060
0 0.630619 0.512266 0.021229 0.064380
0 0.630411 0.570911 0.021229 0.064750
0 0.629995 0.615311 0.020813 0.033670
0 0.611576 0.496540 0.041001 0.032930
0 0.581190 0.614201 0.041001 0.032930
0 0.552781 0.495615 0.040376 0.035520
0 0.523331 0.613831 0.042249 0.034410
0 0.494818 0.494690 0.042249 0.034410
0 0.464327 0.613276 0.040376 0.033300
0 0.436543 0.493765 0.040168 0.033300
0 0.406364 0.612351 0.040584 0.033670
0 0.378996 0.493580 0.040793 0.033670
0 0.348506 0.610686 0.040168 0.033300
0 0.300949 0.609021 0.021645 0.032930
0 0.301573 0.565916 0.021229 0.063640
0 0.302198 0.508011 0.020813 0.066230
0 0.321137 0.491915 0.039960 0.034040
1 0.320929 0.536316 0.039960 0.065120
1 0.320513 0.595146 0.040376 0.064380
1 0.349650 0.507086 0.040376 0.063640
1 0.349546 0.566656 0.040168 0.064380
1 0.378372 0.537611 0.040376 0.064750
1 0.377643 0.596441 0.040584 0.063270
1 0.407301 0.508751 0.040793 0.062530
1 0.407093 0.567211 0.040793 0.064750
1 0.436022 0.537796 0.040793 0.064380
1 0.435710 0.596996 0.040584 0.063640
1 0.465368 0.509676 0.040793 0.064380
1 0.464848 0.568506 0.040168 0.065120
1 0.494089 0.539091 0.040793 0.066230
1 0.493777 0.598106 0.040584 0.064380
1 0.523435 0.510416 0.040793 0.063640
1 0.523331 0.569801 0.040584 0.064750
1 0.552468 0.539646 0.041001 0.065120
1 0.552260 0.599586 0.040584 0.066600
1 0.581814 0.510786 0.040584 0.064380
1 0.581398 0.570356 0.041001 0.065120
1 0.610847 0.540941 0.040376 0.064750
1 0.610847 0.600326 0.040793 0.065120