2 0.476748 0.184195 0.015756 0.046685
2 0.492504 0.182922 0.028170 0.047534
2 0.514706 0.182922 0.029603 0.049232
2 0.537385 0.182073 0.028170 0.049232
2 0.559587 0.183770 0.029603 0.049232
2 0.582267 0.182497 0.031035 0.048383
2 0.604947 0.184195 0.029603 0.048383
2 0.627387 0.184195 0.027693 0.046685
2 0.650306 0.185044 0.028648 0.046685
2 0.672030 0.185468 0.029125 0.047534
2 0.694471 0.185044 0.030080 0.048383
2 0.716673 0.185893 0.030558 0.044988
2 0.738636 0.185893 0.030558 0.046685
2 0.760600 0.186317 0.030558 0.045837
2 0.782324 0.186741 0.029125 0.044988
2 0.804049 0.188015 0.028648 0.045837
2 0.826251 0.188863 0.029125 0.047534
2 0.848930 0.190137 0.030558 0.046685
2 0.869700 0.190137 0.028170 0.046685
2 0.893335 0.190137 0.029603 0.048383
2 0.915059 0.189712 0.030080 0.047534
2 0.937500 0.189712 0.030080 0.047534
2 0.960180 0.188863 0.030558 0.047534
2 0.983193 0.188863 0.033613 0.045837
2 0.473883 0.746541 0.015756 0.049232
2 0.488684 0.746541 0.030080 0.049232
2 0.511125 0.746965 0.030080 0.048383
2 0.534043 0.746965 0.031035 0.050081
2 0.556245 0.747390 0.030558 0.047534
2 0.579880 0.746965 0.030080 0.050081
2 0.601604 0.747390 0.030558 0.047534
2 0.624284 0.747814 0.030080 0.048383
2 0.647441 0.747814 0.030558 0.048383
2 0.669165 0.747814 0.031035 0.046685
2 0.691606 0.747814 0.030080 0.046685
2 0.714047 0.748239 0.029125 0.047534
2 0.737204 0.747814 0.029603 0.046685
2 0.758690 0.747814 0.030558 0.050081
2 0.782086 0.747390 0.030558 0.047534
2 0.803810 0.746541 0.029125 0.047534
2 0.825057 0.745692 0.028648 0.047534
2 0.847259 0.745268 0.030080 0.048383
2 0.868745 0.745692 0.029125 0.047534
2 0.891663 0.745692 0.028170 0.047534
2 0.913388 0.744843 0.028648 0.045837
2 0.935829 0.745268 0.029603 0.046685
2 0.958986 0.746117 0.029125 0.046685
2 0.982143 0.745692 0.031513 0.047534
0 0.504918 0.308548 0.073052 0.222392
0 0.503724 0.517358 0.073529 0.227485
0 0.505634 0.670147 0.076394 0.118835
0 0.572002 0.256345 0.138464 0.119684
0 0.675611 0.673967 0.142284 0.117987
0 0.773491 0.260589 0.138464 0.114591
0 0.877101 0.672693 0.136555 0.113742
0 0.952158 0.261013 0.095684 0.115440
1 0.572718 0.412529 0.142762 0.226636
1 0.572479 0.619642 0.141329 0.226636
1 0.673940 0.310245 0.140852 0.225787
1 0.673940 0.516085 0.141807 0.226636
1 0.773969 0.414226 0.139419 0.228334
1 0.773969 0.619217 0.139419 0.224090
1 0.873997 0.312367 0.138942 0.226636
1 0.875191 0.516934 0.137510 0.224938
1 0.953591 0.416348 0.092818 0.224090
1 0.952158 0.619217 0.095684 0.218997