2 0.248710 0.340215 0.005411 0.017020
2 0.254537 0.340030 0.010406 0.018130
2 0.262758 0.340215 0.009782 0.019240
2 0.270979 0.339660 0.010823 0.018870
2 0.279096 0.339475 0.010823 0.017760
2 0.287525 0.339845 0.010614 0.017760
2 0.296058 0.340030 0.010614 0.018130
2 0.303967 0.340215 0.010614 0.018500
2 0.312396 0.339845 0.010406 0.018500
2 0.320825 0.340215 0.011031 0.017760
2 0.328838 0.340030 0.010823 0.017390
2 0.337163 0.340215 0.010406 0.017760
2 0.345696 0.340030 0.010406 0.017390
2 0.353813 0.339845 0.010406 0.017760
2 0.362138 0.340030 0.010823 0.018130
2 0.370463 0.340215 0.010406 0.017760
2 0.378684 0.340400 0.011031 0.018130
2 0.387217 0.340585 0.011447 0.018500
2 0.395438 0.340215 0.010406 0.017760
2 0.403763 0.340400 0.010406 0.017390
2 0.412088 0.340400 0.010406 0.017390
2 0.420725 0.340400 0.010198 0.017390
2 0.429258 0.340215 0.011031 0.018500
2 0.437479 0.340215 0.010823 0.018500
2 0.445804 0.340030 0.010406 0.018130
2 0.454233 0.340215 0.010198 0.018500
2 0.462454 0.340400 0.010406 0.018130
2 0.471300 0.340770 0.009782 0.018130
2 0.479208 0.340770 0.010614 0.018130
2 0.488054 0.340400 0.010406 0.018130
2 0.246420 0.549821 0.004579 0.017390
2 0.251936 0.550006 0.011031 0.017760
2 0.259844 0.550376 0.011031 0.018500
2 0.268377 0.550561 0.010198 0.018130
2 0.276911 0.550191 0.010614 0.017390
2 0.284923 0.550376 0.009990 0.017760
2 0.292936 0.550376 0.011863 0.017760
2 0.301261 0.550931 0.011031 0.018130
2 0.309586 0.551116 0.010614 0.018500
2 0.318223 0.551116 0.011239 0.017020
2 0.326340 0.550931 0.010406 0.018130
2 0.334769 0.551301 0.010614 0.018130
2 0.343094 0.551301 0.010614 0.018870
2 0.351315 0.551486 0.010823 0.018500
2 0.359953 0.551486 0.011031 0.019240
2 0.368278 0.552041 0.010614 0.018130
2 0.376811 0.551486 0.010198 0.019240
2 0.385032 0.551301 0.010406 0.018130
2 0.393461 0.551301 0.009782 0.018130
2 0.402098 0.551486 0.010406 0.017760
2 0.410111 0.551486 0.010198 0.018500
2 0.418852 0.551856 0.009782 0.017020
2 0.427177 0.552411 0.011031 0.018130
2 0.435398 0.551856 0.010406 0.017760
2 0.444139 0.552041 0.010406 0.018130
2 0.452568 0.552226 0.010614 0.018500
2 0.460893 0.552411 0.010198 0.018870
2 0.469426 0.552596 0.011031 0.017760
2 0.477855 0.552596 0.010823 0.017760
2 0.486180 0.552966 0.011239 0.017760
2 0.494818 0.552596 0.011863 0.017020
2 0.496379 0.340955 0.010823 0.017760
2 0.504912 0.340585 0.011655 0.017760
2 0.513133 0.340585 0.011863 0.017760
2 0.521562 0.340770 0.011239 0.018130
2 0.529887 0.340955 0.010823 0.017760
2 0.538524 0.341325 0.011031 0.018500
2 0.546953 0.341140 0.011655 0.018130
2 0.555382 0.341140 0.011447 0.017390
2 0.564019 0.341695 0.010823 0.017760
2 0.572240 0.341695 0.011031 0.017760
2 0.580877 0.341510 0.010823 0.017390
2 0.589202 0.341510 0.010823 0.018130
2 0.597423 0.341510 0.011447 0.017390
2 0.606269 0.341695 0.011239 0.017760
2 0.614490 0.342250 0.011031 0.018130
2 0.623335 0.342065 0.011239 0.017760
2 0.631556 0.341880 0.010614 0.018130
2 0.639673 0.341880 0.010614 0.017390
2 0.648414 0.342435 0.010614 0.018500
2 0.656843 0.342250 0.010823 0.017390
2 0.664960 0.342250 0.010406 0.018130
2 0.673805 0.342620 0.010614 0.017390
2 0.682338 0.342250 0.011031 0.018130
2 0.690559 0.342805 0.011655 0.017020
2 0.698780 0.342805 0.011447 0.017760
2 0.502726 0.552781 0.011031 0.018130
2 0.511572 0.552966 0.011239 0.017760
2 0.519897 0.552966 0.010823 0.017020
2 0.528222 0.552781 0.011655 0.017390
2 0.536859 0.553336 0.011447 0.018500
2 0.545184 0.553521 0.010614 0.018870
2 0.553925 0.553336 0.011031 0.018500
2 0.562354 0.553706 0.010823 0.018500
2 0.570679 0.553706 0.010823 0.018500
2 0.579212 0.553891 0.011239 0.018870
2 0.587850 0.553336 0.011031 0.017760
2 0.596175 0.553706 0.011447 0.018500
2 0.604708 0.553706 0.010198 0.019240
2 0.613033 0.553706 0.010614 0.018500
2 0.621358 0.553706 0.010198 0.018500
2 0.630307 0.554446 0.010198 0.018500
2 0.638632 0.554261 0.011031 0.018870
2 0.646749 0.554261 0.010614 0.018130
2 0.655386 0.554261 0.010406 0.018130
2 0.663711 0.554631 0.010406 0.018130
2 0.672661 0.554816 0.010823 0.018500
2 0.680882 0.554446 0.011031 0.018500
2 0.689519 0.554816 0.011239 0.019240
2 0.698364 0.555186 0.011031 0.017760
0 0.690664 0.390350 0.027264 0.083990
0 0.689831 0.467865 0.027681 0.083620
0 0.690039 0.527621 0.028097 0.044770
0 0.664752 0.369815 0.052864 0.044400
0 0.626249 0.526326 0.053280 0.042920
0 0.588266 0.369075 0.053072 0.045140
0 0.549242 0.525401 0.053280 0.044770
0 0.511364 0.368705 0.052864 0.044400
0 0.472132 0.524661 0.053072 0.044770
0 0.434669 0.368150 0.053488 0.044770
0 0.358808 0.367780 0.052448 0.044030
0 0.396479 0.524291 0.054113 0.044030
0 0.320929 0.523181 0.052864 0.046250
0 0.283883 0.367965 0.050783 0.043660
0 0.259012 0.386835 0.027264 0.082140
0 0.258075 0.463795 0.027889 0.085100
0 0.257659 0.521886 0.028305 0.045880
1 0.283571 0.425685 0.051823 0.082880
1 0.282842 0.502646 0.051615 0.082880
1 0.321137 0.387205 0.052448 0.083620
1 0.320721 0.463980 0.051615 0.084730
1 0.358288 0.426795 0.053072 0.085100
1 0.358288 0.503201 0.053072 0.086950
1 0.396479 0.388685 0.052864 0.084360
1 0.396374 0.465460 0.052656 0.084730
1 0.434253 0.426610 0.053488 0.086950
1 0.434045 0.504126 0.053904 0.083620
1 0.472548 0.388315 0.053072 0.084360
1 0.472965 0.466385 0.053488 0.083620
1 0.510947 0.427165 0.053696 0.085840
1 0.510843 0.505791 0.053488 0.083990
1 0.549659 0.389425 0.053696 0.085100
1 0.549138 0.466015 0.053904 0.085840
1 0.587954 0.426980 0.053280 0.085470
1 0.588370 0.505976 0.053696 0.086580
1 0.626561 0.389425 0.053072 0.084360
1 0.626457 0.467310 0.053280 0.083250
1 0.664232 0.428645 0.053488 0.085100
1 0.664752 0.506346 0.053280 0.085100