2 0.733641 0.634366 0.024975 0.044400
2 0.712100 0.634366 0.026848 0.044400
2 0.691184 0.632701 0.028721 0.045510
2 0.670892 0.632701 0.028097 0.045510
2 0.649663 0.632701 0.030594 0.047730
2 0.629683 0.632701 0.029346 0.043290
2 0.609078 0.632701 0.029346 0.045510
2 0.587850 0.631591 0.029346 0.041070
2 0.567557 0.632146 0.028721 0.046620
2 0.547265 0.631591 0.029346 0.047730
2 0.526349 0.631036 0.027473 0.044400
2 0.504183 0.631591 0.025599 0.047730
2 0.484203 0.631591 0.030594 0.041070
2 0.463599 0.629926 0.029346 0.042180
2 0.443619 0.629926 0.028097 0.044400
2 0.423327 0.628261 0.026224 0.045510
2 0.403034 0.631591 0.026848 0.047730
2 0.380245 0.631036 0.031219 0.046620
2 0.359328 0.631036 0.025599 0.048840
2 0.340285 0.629926 0.028721 0.046620
2 0.319680 0.630481 0.027473 0.049950
2 0.299388 0.629926 0.025599 0.046620
2 0.279408 0.627706 0.026848 0.044400
2 0.259740 0.627151 0.028721 0.047730
2 0.239760 0.628261 0.026224 0.045510
2 0.220717 0.627706 0.025599 0.046620
2 0.199488 0.626041 0.028097 0.045510
2 0.180445 0.624931 0.026224 0.043290
2 0.160777 0.624931 0.028097 0.045510
2 0.141733 0.624931 0.029970 0.045510
2 0.122690 0.625486 0.028097 0.042180
2 0.101773 0.623266 0.028721 0.042180
2 0.082730 0.623266 0.029346 0.039960
2 0.060252 0.622711 0.029346 0.041070
2 0.041833 0.623266 0.027473 0.039960
2 0.021541 0.623266 0.024351 0.037740
2 0.006868 0.624376 0.013736 0.051060
0 0.712725 0.748696 0.068057 0.204240
0 0.710227 0.913198 0.069306 0.173604
0 0.648414 0.699856 0.131743 0.115440
0 0.460789 0.700411 0.133616 0.123210
0 0.276286 0.697636 0.130495 0.117660
0 0.096466 0.689866 0.130495 0.113220
1 0.648726 0.842491 0.133616 0.223110
1 0.646229 0.962038 0.111139 0.075924
1 0.555382 0.748141 0.131743 0.212010
1 0.553509 0.918193 0.130495 0.163614
1 0.460789 0.843046 0.138611 0.217560
1 0.461414 0.962593 0.111139 0.074814
1 0.368382 0.744811 0.134865 0.212010
1 0.369630 0.915418 0.132368 0.169164
1 0.275350 0.836941 0.132368 0.225330
1 0.273789 0.957043 0.116758 0.085914
1 0.188249 0.740371 0.120504 0.209790
1 0.186064 0.912643 0.126124 0.174714
1 0.093656 0.957043 0.117383 0.085914
1 0.093344 0.836386 0.130495 0.222000
1 0.037150 0.736486 0.074300 0.213120
1 0.033716 0.909868 0.067432 0.180264