2 0.300325 0.347985 0.005828 0.017760
2 0.306777 0.347430 0.010823 0.018870
2 0.315830 0.347615 0.011031 0.019240
2 0.324779 0.347615 0.011447 0.019240
2 0.334145 0.347430 0.011031 0.018870
2 0.342886 0.347430 0.011447 0.019610
2 0.352356 0.347430 0.011239 0.019610
2 0.361409 0.347985 0.011031 0.018500
2 0.370255 0.347800 0.010823 0.018870
2 0.379516 0.348170 0.011031 0.019610
2 0.388362 0.348170 0.010823 0.018870
2 0.397415 0.348170 0.011031 0.019610
2 0.406677 0.348725 0.010823 0.019980
2 0.415730 0.348725 0.011447 0.019980
2 0.424992 0.348725 0.011239 0.019240
2 0.434253 0.349095 0.011447 0.019240
2 0.443203 0.348910 0.011447 0.019610
2 0.452464 0.349280 0.010823 0.019610
2 0.461622 0.349095 0.010823 0.019240
2 0.470571 0.349835 0.010823 0.019980
2 0.479833 0.349650 0.011447 0.018870
2 0.489302 0.350020 0.011239 0.018870
2 0.498252 0.350390 0.011239 0.018870
2 0.507097 0.349835 0.011031 0.019240
2 0.516463 0.350020 0.011031 0.019610
2 0.525516 0.350205 0.010823 0.019980
2 0.534778 0.350390 0.011031 0.018870
2 0.543727 0.350390 0.010614 0.019610
2 0.298035 0.576276 0.004995 0.019980
2 0.304175 0.576646 0.011031 0.019980
2 0.312916 0.576646 0.011031 0.019240
2 0.322178 0.577016 0.011239 0.020720
2 0.331648 0.577201 0.010614 0.019610
2 0.340701 0.577386 0.010823 0.019240
2 0.349650 0.577571 0.011239 0.018870
2 0.358496 0.577756 0.011031 0.019240
2 0.367861 0.577941 0.010614 0.018870
2 0.376811 0.578681 0.010614 0.018870
2 0.385968 0.578496 0.011031 0.019240
2 0.395334 0.578681 0.011447 0.018870
2 0.404387 0.578866 0.010823 0.019980
2 0.413441 0.579421 0.011031 0.020350
2 0.422598 0.578496 0.011031 0.019980
2 0.431964 0.579421 0.011447 0.018870
2 0.441225 0.579976 0.011655 0.019980
2 0.450383 0.579236 0.011655 0.019240
2 0.459436 0.579236 0.011031 0.019240
2 0.468698 0.580161 0.010823 0.021090
2 0.477647 0.580346 0.011239 0.019240
2 0.487013 0.580716 0.011239 0.019980
2 0.496170 0.580901 0.011655 0.018870
2 0.505224 0.580716 0.011031 0.019980
2 0.514590 0.580716 0.011447 0.019240
2 0.523643 0.581086 0.011239 0.020720
2 0.532801 0.581271 0.010823 0.020350
2 0.541958 0.581641 0.011239 0.019610
2 0.551116 0.581086 0.011239 0.018500
2 0.553197 0.350575 0.011655 0.019240
2 0.562146 0.351500 0.011239 0.019610
2 0.571408 0.351500 0.011863 0.018130
2 0.580669 0.351315 0.011655 0.018500
2 0.589827 0.351500 0.011655 0.018870
2 0.598776 0.351315 0.010823 0.018500
2 0.608038 0.351685 0.011031 0.019240
2 0.617299 0.351500 0.011239 0.018870
2 0.626457 0.352240 0.010823 0.018870
2 0.635406 0.352795 0.011239 0.018500
2 0.644772 0.352240 0.011239 0.019610
2 0.653929 0.352610 0.011239 0.018870
2 0.663087 0.353165 0.010823 0.019980
2 0.672244 0.353350 0.011239 0.019610
2 0.681506 0.352795 0.011863 0.019980
2 0.690455 0.353720 0.011447 0.019610
2 0.699717 0.354090 0.011655 0.018870
2 0.708874 0.354090 0.011655 0.019610
2 0.718136 0.354460 0.011447 0.020350
2 0.726773 0.354275 0.011239 0.019240
2 0.735931 0.354830 0.011239 0.019610
2 0.745192 0.355200 0.011447 0.019610
2 0.754454 0.355200 0.011655 0.019610
2 0.763091 0.355015 0.011447 0.019240
2 0.772145 0.355015 0.011239 0.019240
2 0.781614 0.355570 0.011447 0.019610
2 0.790876 0.356125 0.009990 0.018500
2 0.560481 0.582011 0.011655 0.019610
2 0.569847 0.582011 0.011239 0.020350
2 0.579004 0.581826 0.010823 0.019980
2 0.588162 0.582196 0.011239 0.019240
2 0.597527 0.582751 0.011655 0.020350
2 0.606269 0.582011 0.010823 0.019610
2 0.615738 0.582566 0.011863 0.019980
2 0.624376 0.582751 0.011239 0.019610
2 0.634262 0.582381 0.010614 0.019610
2 0.643419 0.583306 0.011447 0.020720
2 0.652473 0.583676 0.010823 0.020720
2 0.661734 0.583491 0.011031 0.021090
2 0.670892 0.583861 0.011447 0.019610
2 0.679737 0.583121 0.011239 0.018870
2 0.688999 0.584046 0.011031 0.020720
2 0.698156 0.584046 0.011031 0.019980
2 0.707522 0.583861 0.010614 0.020350
2 0.716471 0.584601 0.011031 0.020350
2 0.725837 0.584416 0.011031 0.019240
2 0.734682 0.585341 0.011239 0.020350
2 0.743944 0.585156 0.011863 0.019240
2 0.753101 0.585711 0.011447 0.020350
2 0.762050 0.586081 0.011031 0.020350
2 0.771208 0.585341 0.011031 0.019610
2 0.780470 0.585526 0.010823 0.020720
2 0.789939 0.585711 0.011863 0.019610
0 0.780844 0.407287 0.030844 0.089466
0 0.781453 0.491342 0.028815 0.090188
0 0.781453 0.555195 0.029627 0.050505
0 0.753653 0.385642 0.057630 0.050505
0 0.711648 0.553391 0.058036 0.048341
0 0.670252 0.383117 0.057224 0.048341
0 0.628856 0.553030 0.057224 0.049062
0 0.587054 0.381674 0.060471 0.049784
0 0.545252 0.550505 0.058036 0.049784
0 0.503856 0.380231 0.058847 0.049784
0 0.462054 0.548701 0.058847 0.047619
0 0.421266 0.378788 0.059253 0.048341
0 0.379667 0.548341 0.058847 0.049784
0 0.339286 0.376984 0.058442 0.049062
0 0.311688 0.398990 0.030032 0.088745
0 0.310471 0.482323 0.030844 0.093795
0 0.310268 0.545815 0.030438 0.049062
1 0.339286 0.440476 0.057630 0.093795
1 0.337865 0.525613 0.057224 0.092352
1 0.379870 0.400433 0.057630 0.091631
1 0.380479 0.484127 0.057224 0.093074
1 0.421469 0.441919 0.058847 0.095238
1 0.421063 0.525613 0.057224 0.092352
1 0.462256 0.400794 0.059253 0.092352
1 0.462662 0.484848 0.058442 0.093074
1 0.504667 0.442280 0.058036 0.094517
1 0.503856 0.528499 0.058036 0.093795
1 0.545860 0.400794 0.059253 0.093795
1 0.545455 0.487013 0.059253 0.093074
1 0.587865 0.445166 0.058036 0.093074
1 0.587256 0.530303 0.060065 0.094517
1 0.629261 0.403680 0.057224 0.093795
1 0.629058 0.487374 0.059253 0.092352
1 0.671266 0.445887 0.057630 0.094517
1 0.670860 0.531025 0.056818 0.094517
1 0.712459 0.405483 0.058036 0.093074
1 0.712459 0.490260 0.058847 0.093795
1 0.754058 0.448052 0.056818 0.093074
1 0.753856 0.532828 0.056412 0.093795