2 0.425659 0.106952 0.016711 0.048383
2 0.442131 0.107376 0.029603 0.045837
2 0.464095 0.108225 0.028648 0.047534
2 0.486536 0.107801 0.028648 0.046685
2 0.508738 0.106527 0.029125 0.047534
2 0.531417 0.106952 0.029603 0.046685
2 0.553619 0.108225 0.030080 0.045837
2 0.575583 0.108650 0.028170 0.044988
2 0.597546 0.109074 0.028170 0.045837
2 0.619509 0.109498 0.028170 0.046685
2 0.642189 0.109074 0.028648 0.047534
2 0.664391 0.109498 0.027215 0.046685
2 0.685160 0.109923 0.027693 0.045837
2 0.708079 0.110772 0.027693 0.044139
2 0.729803 0.110772 0.028170 0.044139
2 0.751050 0.112045 0.030558 0.044988
2 0.773252 0.112894 0.027215 0.044988
2 0.795455 0.113318 0.028648 0.045837
2 0.817418 0.114591 0.026738 0.044988
2 0.839142 0.113742 0.029125 0.044988
2 0.860628 0.113742 0.027215 0.044988
2 0.883069 0.114591 0.026261 0.046685
2 0.904316 0.114591 0.027693 0.044988
2 0.926757 0.114591 0.029603 0.046685
2 0.948959 0.113742 0.029125 0.046685
2 0.970445 0.111620 0.028170 0.044139
2 0.989639 0.113318 0.020722 0.047534
2 0.421839 0.668449 0.013846 0.049232
2 0.436402 0.668449 0.028648 0.047534
2 0.458843 0.667600 0.030558 0.045837
2 0.481283 0.667600 0.028648 0.045837
2 0.503963 0.667600 0.027215 0.045837
2 0.526642 0.668449 0.027693 0.047534
2 0.549083 0.669298 0.028648 0.047534
2 0.571047 0.669722 0.027693 0.048383
2 0.593726 0.669722 0.028170 0.046685
2 0.615928 0.668874 0.026738 0.046685
2 0.639324 0.669298 0.028648 0.047534
2 0.661049 0.669298 0.027215 0.047534
2 0.683251 0.668449 0.027693 0.047534
2 0.705691 0.669298 0.025783 0.047534
2 0.728371 0.668874 0.028170 0.048383
2 0.750812 0.668449 0.027215 0.045837
2 0.772059 0.668874 0.025783 0.046685
2 0.794261 0.668025 0.027215 0.050081
2 0.815985 0.667176 0.027693 0.044988
2 0.837233 0.668025 0.027215 0.044988
2 0.859196 0.667176 0.027215 0.048383
2 0.881398 0.667176 0.027693 0.046685
2 0.903123 0.667176 0.027215 0.046685
2 0.925563 0.665903 0.029125 0.045837
2 0.947049 0.667176 0.027215 0.046685
2 0.969251 0.667176 0.027693 0.048383
2 0.988445 0.666752 0.023109 0.045837
0 0.454068 0.230031 0.072574 0.216450
0 0.452158 0.438418 0.072574 0.220694
0 0.451203 0.592055 0.072574 0.120533
0 0.520913 0.179526 0.138464 0.113742
0 0.720493 0.183346 0.141329 0.117987
0 0.919834 0.184619 0.137032 0.113742
0 0.621658 0.593753 0.140374 0.117138
0 0.821715 0.594601 0.132735 0.112045
0 0.975076 0.594177 0.049847 0.111196
1 0.521390 0.333588 0.139419 0.226636
1 0.520435 0.541126 0.140374 0.220694
1 0.620942 0.231729 0.139897 0.219846
1 0.620942 0.439267 0.140852 0.222392
1 0.722164 0.336134 0.137987 0.221543
1 0.721209 0.541126 0.138942 0.222392
1 0.820521 0.237671 0.135122 0.221543
1 0.821476 0.440115 0.135122 0.224090
1 0.919834 0.339530 0.137032 0.221543
1 0.919356 0.542399 0.138942 0.218148
1 0.974121 0.437569 0.051757 0.217299
1 0.975315 0.236398 0.049370 0.220694