2 0.427489 0.365190 0.006660 0.019610
2 0.433837 0.365560 0.011863 0.018870
2 0.443099 0.365375 0.011655 0.019240
2 0.452152 0.365745 0.011447 0.019980
2 0.461310 0.365190 0.011447 0.019610
2 0.470259 0.365560 0.011447 0.019610
2 0.479729 0.366485 0.011239 0.019240
2 0.489094 0.366670 0.011239 0.018870
2 0.497940 0.366485 0.011447 0.019240
2 0.507097 0.366855 0.011031 0.019980
2 0.516255 0.366485 0.010614 0.019240
2 0.525308 0.367225 0.011239 0.019240
2 0.534570 0.367410 0.011031 0.018870
2 0.543831 0.367595 0.011239 0.019240
2 0.553093 0.367410 0.011863 0.019610
2 0.562042 0.367965 0.011863 0.019980
2 0.571512 0.368705 0.011655 0.019240
2 0.580357 0.368520 0.011447 0.018130
2 0.589411 0.369075 0.010823 0.019240
2 0.599088 0.368335 0.011447 0.019240
2 0.607934 0.369445 0.011655 0.019240
2 0.617299 0.369260 0.011655 0.018870
2 0.626353 0.369260 0.011031 0.019610
2 0.635406 0.370000 0.011655 0.019610
2 0.644668 0.369260 0.011031 0.018130
2 0.653721 0.369445 0.011655 0.018500
2 0.662879 0.370000 0.012488 0.019610
2 0.424471 0.594591 0.004787 0.019610
2 0.430403 0.595146 0.011239 0.019240
2 0.439456 0.595701 0.010614 0.019610
2 0.448718 0.595516 0.011239 0.019980
2 0.458188 0.595516 0.011863 0.019980
2 0.466929 0.596071 0.011447 0.019610
2 0.476399 0.596256 0.011239 0.018500
2 0.485348 0.596256 0.011239 0.019980
2 0.494401 0.596256 0.011031 0.019240
2 0.503871 0.596626 0.011239 0.019240
2 0.513237 0.596811 0.010823 0.018870
2 0.522082 0.597366 0.011447 0.019980
2 0.531552 0.597551 0.010823 0.018870
2 0.540293 0.597551 0.011239 0.018870
2 0.549659 0.597551 0.011239 0.020350
2 0.559024 0.597551 0.011239 0.019610
2 0.568286 0.597736 0.011031 0.019980
2 0.577443 0.598291 0.011031 0.019610
2 0.586497 0.597736 0.010823 0.019240
2 0.595758 0.598291 0.011031 0.018870
2 0.605228 0.598476 0.010823 0.019240
2 0.614073 0.598291 0.011031 0.018870
2 0.623231 0.598661 0.011031 0.019610
2 0.632805 0.599401 0.011031 0.019610
2 0.641858 0.599401 0.011239 0.019610
2 0.650912 0.598846 0.011031 0.019980
2 0.660381 0.599586 0.011239 0.019240
2 0.669331 0.599401 0.011655 0.019610
2 0.672036 0.369630 0.011655 0.019610
2 0.680882 0.370370 0.011447 0.019610
2 0.689935 0.370370 0.011655 0.018870
2 0.699197 0.370370 0.011863 0.019610
2 0.708250 0.370555 0.011655 0.019240
2 0.717199 0.370740 0.011655 0.018130
2 0.726461 0.370925 0.011031 0.019240
2 0.735619 0.371295 0.011447 0.018500
2 0.744672 0.371850 0.011655 0.019610
2 0.753934 0.371850 0.011447 0.018130
2 0.762883 0.371850 0.011447 0.018870
2 0.771832 0.372035 0.011447 0.019240
2 0.780990 0.372590 0.011863 0.018870
2 0.789731 0.372590 0.011863 0.018130
2 0.798785 0.373145 0.011655 0.019240
2 0.807422 0.373145 0.011031 0.018500
2 0.816475 0.373700 0.011239 0.019610
2 0.825529 0.373330 0.011031 0.018870
2 0.834374 0.374070 0.010823 0.018130
2 0.843427 0.374810 0.010614 0.018870
2 0.852377 0.374070 0.011447 0.018130
2 0.861326 0.374625 0.011031 0.019240
2 0.870171 0.374995 0.010823 0.018500
2 0.879225 0.375550 0.011447 0.018870
2 0.888487 0.375550 0.011239 0.018130
2 0.897124 0.375550 0.011031 0.018130
2 0.906385 0.375920 0.011239 0.018130
2 0.915751 0.376290 0.010406 0.018870
2 0.678072 0.599771 0.011239 0.019610
2 0.687438 0.600141 0.011655 0.018870
2 0.696387 0.600696 0.011239 0.019240
2 0.705649 0.600511 0.010614 0.019610
2 0.714910 0.600326 0.010406 0.018500
2 0.723859 0.600511 0.011239 0.019610
2 0.733329 0.600881 0.011447 0.018870
2 0.742279 0.601066 0.011447 0.019980
2 0.751540 0.601251 0.011239 0.018870
2 0.760385 0.601436 0.011031 0.019980
2 0.769751 0.601806 0.010614 0.018500
2 0.778596 0.601806 0.011655 0.019980
2 0.787442 0.601621 0.011031 0.020350
2 0.796599 0.602176 0.011031 0.019980
2 0.805757 0.601991 0.011031 0.019610
2 0.814394 0.601806 0.010823 0.020720
2 0.823239 0.602546 0.011863 0.019980
2 0.832293 0.602546 0.011239 0.020720
2 0.841034 0.602546 0.010823 0.019980
2 0.850712 0.602176 0.011031 0.019980
2 0.859141 0.602731 0.010823 0.019610
2 0.867882 0.603101 0.011239 0.019610
2 0.877040 0.603101 0.011655 0.019610
2 0.886197 0.603101 0.012071 0.019610
2 0.895459 0.603286 0.011031 0.019980
2 0.904616 0.603841 0.011031 0.019610
2 0.913670 0.603471 0.011655 0.019610
0 0.905657 0.427350 0.029762 0.090650
0 0.905241 0.510046 0.029762 0.090280
0 0.879121 0.405150 0.055778 0.047730
0 0.836871 0.572946 0.057026 0.048840
0 0.905449 0.573316 0.031011 0.048100
0 0.797952 0.403300 0.056194 0.045510
0 0.755182 0.570541 0.057234 0.046990
0 0.715430 0.401635 0.058067 0.048840
0 0.672765 0.570171 0.055986 0.046990
0 0.632701 0.398860 0.057026 0.046990
0 0.548930 0.398305 0.058067 0.046620
0 0.589827 0.568876 0.058691 0.048100
0 0.505744 0.566841 0.059524 0.050690
0 0.465680 0.396270 0.057234 0.049210
0 0.438624 0.417175 0.030178 0.091020
0 0.437791 0.500426 0.030594 0.092500
0 0.436543 0.564806 0.030594 0.048100
1 0.465472 0.459540 0.057651 0.090650
1 0.465264 0.544086 0.057651 0.091760
1 0.506993 0.418840 0.057859 0.089910
1 0.506785 0.502646 0.057443 0.091760
1 0.548722 0.461575 0.058067 0.091760
1 0.547577 0.545751 0.057859 0.092130
1 0.590451 0.420135 0.057859 0.091760
1 0.589827 0.504681 0.058275 0.091390
1 0.631764 0.463240 0.058067 0.092130
1 0.630515 0.547231 0.058483 0.090650
1 0.673597 0.421615 0.058067 0.093240
1 0.673285 0.506346 0.057859 0.093980
1 0.714286 0.463980 0.058691 0.092870
1 0.714182 0.549821 0.057234 0.089910
1 0.756223 0.423465 0.057234 0.090280
1 0.755703 0.507826 0.057443 0.091760
1 0.797120 0.465090 0.057443 0.091390
1 0.796599 0.550931 0.057651 0.089910
1 0.837704 0.424390 0.057026 0.089170
1 0.837080 0.509306 0.056610 0.091760
1 0.877768 0.468050 0.057234 0.090650
1 0.877768 0.551486 0.056818 0.090280