2 0.230395 0.318200 0.006660 0.018870
2 0.236742 0.317460 0.011447 0.019610
2 0.244963 0.317460 0.010823 0.020350
2 0.253705 0.317275 0.010823 0.019240
2 0.262654 0.317090 0.011655 0.018870
2 0.271707 0.317090 0.011863 0.018870
2 0.280553 0.317090 0.011239 0.019610
2 0.289502 0.317830 0.010823 0.018870
2 0.298556 0.317090 0.011031 0.018870
2 0.307817 0.317645 0.011239 0.019980
2 0.316454 0.317460 0.011447 0.018870
2 0.325300 0.317830 0.011655 0.018870
2 0.334353 0.317830 0.011447 0.018870
2 0.343407 0.317460 0.011655 0.019610
2 0.352356 0.317645 0.011239 0.019240
2 0.361305 0.318015 0.011655 0.018500
2 0.370151 0.318200 0.011031 0.019610
2 0.379412 0.317645 0.011655 0.019240
2 0.388466 0.318200 0.011447 0.019610
2 0.397311 0.318015 0.010823 0.018500
2 0.406052 0.317645 0.011239 0.019980
2 0.415730 0.317645 0.011447 0.019240
2 0.424263 0.317275 0.011447 0.019980
2 0.433525 0.318385 0.011655 0.019240
2 0.442682 0.318015 0.011239 0.019240
2 0.451632 0.317830 0.012071 0.019610
2 0.460789 0.318015 0.011655 0.019240
2 0.469739 0.318755 0.011239 0.019240
2 0.227273 0.543901 0.005828 0.019610
2 0.233308 0.543901 0.011655 0.019610
2 0.242154 0.543901 0.011031 0.018870
2 0.250895 0.544086 0.011031 0.019240
2 0.260157 0.543901 0.011239 0.019610
2 0.268898 0.544271 0.011239 0.019610
2 0.277639 0.544086 0.012071 0.018500
2 0.286797 0.544271 0.011655 0.019610
2 0.295746 0.544641 0.011239 0.019610
2 0.304487 0.544826 0.011655 0.019240
2 0.313749 0.544826 0.011447 0.018500
2 0.322594 0.545381 0.010823 0.019610
2 0.331439 0.544826 0.011447 0.019240
2 0.340285 0.545381 0.012071 0.019610
2 0.349546 0.545196 0.011447 0.019240
2 0.358808 0.545381 0.011655 0.019610
2 0.367757 0.545566 0.011239 0.019240
2 0.377019 0.545566 0.011447 0.019240
2 0.386384 0.545751 0.011863 0.019610
2 0.394918 0.545936 0.011447 0.019240
2 0.404387 0.545381 0.011239 0.018870
2 0.412816 0.546121 0.011031 0.018870
2 0.422182 0.546121 0.012279 0.018870
2 0.431339 0.545936 0.011863 0.019980
2 0.440289 0.546306 0.011447 0.019980
2 0.449446 0.545936 0.011031 0.019240
2 0.458812 0.546121 0.011863 0.019610
2 0.468074 0.546491 0.012071 0.020350
2 0.477127 0.546676 0.012696 0.019240
2 0.478896 0.318570 0.011655 0.020350
2 0.487741 0.318200 0.012696 0.019610
2 0.496899 0.318755 0.011863 0.019240
2 0.506056 0.318570 0.011863 0.018130
2 0.515214 0.318940 0.011447 0.018870
2 0.524163 0.318755 0.011863 0.018500
2 0.533633 0.318755 0.012071 0.019240
2 0.542478 0.318755 0.011863 0.018500
2 0.551740 0.319125 0.012071 0.019240
2 0.560689 0.318940 0.011239 0.018870
2 0.569951 0.319125 0.011031 0.018500
2 0.579108 0.319495 0.011447 0.019240
2 0.588162 0.319310 0.011239 0.020350
2 0.597632 0.318940 0.011863 0.019610
2 0.606477 0.318940 0.011239 0.020350
2 0.615322 0.319310 0.011447 0.018870
2 0.624584 0.319680 0.011239 0.018870
2 0.633949 0.319865 0.011239 0.019980
2 0.642899 0.319865 0.011655 0.019980
2 0.652056 0.320050 0.011655 0.018870
2 0.661318 0.320420 0.012279 0.019610
2 0.670579 0.320420 0.011655 0.019610
2 0.679113 0.320605 0.011239 0.018500
2 0.688582 0.320790 0.011447 0.018870
2 0.697740 0.320975 0.011447 0.018500
2 0.706793 0.321160 0.011655 0.019610
2 0.715534 0.320975 0.011239 0.019240
2 0.485764 0.546676 0.012488 0.018500
2 0.494818 0.547046 0.011447 0.019980
2 0.503975 0.547046 0.011447 0.019240
2 0.513341 0.546861 0.011447 0.018870
2 0.522290 0.547046 0.011447 0.019980
2 0.531448 0.547231 0.012696 0.019610
2 0.540709 0.547046 0.012488 0.019980
2 0.549659 0.546861 0.011239 0.020350
2 0.559232 0.547416 0.012071 0.019240
2 0.568390 0.547786 0.011655 0.018500
2 0.577339 0.548341 0.011239 0.020350
2 0.586601 0.548156 0.011447 0.019240
2 0.595862 0.548341 0.011239 0.019610
2 0.604812 0.548341 0.012071 0.019610
2 0.613865 0.548156 0.011447 0.019980
2 0.622919 0.548341 0.011655 0.020350
2 0.632180 0.548526 0.011863 0.020720
2 0.641338 0.548526 0.011447 0.019980
2 0.650599 0.548711 0.011239 0.018870
2 0.659653 0.549266 0.011447 0.019980
2 0.668706 0.549081 0.011655 0.018870
2 0.677968 0.549636 0.011447 0.019980
2 0.687229 0.549266 0.012071 0.019240
2 0.696699 0.549451 0.011031 0.019610
2 0.705128 0.549266 0.011655 0.020720
2 0.714806 0.549451 0.011863 0.021090
0 0.706065 0.371665 0.030178 0.088800
0 0.706689 0.454175 0.029346 0.093240
0 0.705857 0.519296 0.030594 0.048100
0 0.679425 0.350205 0.057234 0.048840
0 0.637071 0.518556 0.058275 0.046620
0 0.596175 0.349095 0.057651 0.048100
0 0.554237 0.518371 0.057859 0.046990
0 0.513549 0.347985 0.058067 0.048100
0 0.470259 0.517076 0.057651 0.047360
0 0.430299 0.348540 0.057234 0.049950
0 0.388258 0.515411 0.057234 0.047730
0 0.348922 0.347430 0.056818 0.048470
0 0.306985 0.514856 0.056610 0.047360
0 0.267857 0.346505 0.056610 0.046620
0 0.241217 0.368335 0.028721 0.089540
0 0.239968 0.450845 0.029970 0.088060
0 0.238824 0.514301 0.028513 0.046990
1 0.268065 0.409960 0.055778 0.089910
1 0.266817 0.492470 0.056194 0.089170
1 0.307921 0.369075 0.055569 0.089540
1 0.307401 0.451585 0.056194 0.089540
1 0.348193 0.410330 0.056610 0.091390
1 0.347673 0.494320 0.056818 0.088430
1 0.389402 0.370185 0.057026 0.091020
1 0.389298 0.453620 0.056402 0.090650
1 0.430195 0.411995 0.057443 0.090280
1 0.430507 0.495430 0.057234 0.089170
1 0.471924 0.369815 0.057234 0.092500
1 0.471716 0.453250 0.057234 0.092870
1 0.512508 0.411440 0.057651 0.090650
1 0.512716 0.495245 0.057234 0.089540
1 0.554133 0.370370 0.058067 0.089170
1 0.554341 0.454545 0.058067 0.091760
1 0.595654 0.412365 0.057859 0.091020
1 0.595967 0.495800 0.058067 0.090650
1 0.637592 0.371110 0.056818 0.092130
1 0.637071 0.454730 0.058275 0.090650
1 0.678592 0.413660 0.056402 0.091390
1 0.678384 0.497465 0.057234 0.089540