2 0.073052 0.507937 0.017857 0.047619
2 0.087256 0.507937 0.028409 0.044733
2 0.108360 0.509380 0.025162 0.050505
2 0.127685 0.510046 0.024351 0.042180
2 0.147977 0.508936 0.021229 0.042180
2 0.167645 0.507826 0.024351 0.044400
2 0.186688 0.508936 0.026224 0.046620
2 0.207917 0.509491 0.024975 0.045510
2 0.226648 0.508381 0.027473 0.045510
2 0.247877 0.508381 0.026224 0.047730
2 0.266296 0.508381 0.026848 0.045510
2 0.287837 0.508936 0.026224 0.051060
2 0.308442 0.509491 0.026224 0.047730
2 0.327797 0.506161 0.027473 0.047730
2 0.348089 0.507271 0.026848 0.049950
2 0.368694 0.506716 0.024351 0.046620
2 0.389923 0.506161 0.025599 0.047730
2 0.410527 0.506161 0.025599 0.045510
2 0.432380 0.506716 0.024351 0.046620
2 0.451736 0.506161 0.025599 0.041070
2 0.472965 0.506161 0.028097 0.045510
2 0.492008 0.507826 0.027473 0.048840
2 0.513549 0.508381 0.024351 0.049950
2 0.535402 0.506161 0.026848 0.047730
2 0.554758 0.505051 0.029346 0.052170
2 0.576923 0.504496 0.026224 0.044400
2 0.595967 0.504496 0.028097 0.044400
2 0.616259 0.505051 0.026224 0.047730
2 0.638736 0.505051 0.027473 0.049950
2 0.659653 0.505051 0.028097 0.045510
2 0.679633 0.505606 0.025599 0.046620
2 0.700237 0.504496 0.028097 0.046620
2 0.720529 0.503941 0.024975 0.043290
2 0.740197 0.505051 0.025599 0.043290
2 0.761426 0.502276 0.025599 0.046620
2 0.782343 0.503941 0.026224 0.047730
2 0.802635 0.502831 0.023102 0.045510
2 0.823864 0.504496 0.024351 0.048840
2 0.842595 0.503386 0.024351 0.048840
2 0.862575 0.503941 0.024351 0.049950
2 0.881618 0.503941 0.032468 0.043290
2 0.905345 0.504496 0.026224 0.046620
2 0.924700 0.504496 0.027473 0.048840
2 0.944993 0.501721 0.026848 0.047730
2 0.965285 0.501721 0.027473 0.043290
2 0.985764 0.502831 0.028472 0.045510
2 0.997315 0.500611 0.005370 0.058830
2 0.945617 0.006383 0.029346 0.012765
2 0.922827 0.006383 0.027473 0.012765
2 0.901286 0.006383 0.030594 0.012765
2 0.882555 0.008048 0.028097 0.016095
2 0.862263 0.007493 0.028721 0.014985
2 0.841346 0.008603 0.028097 0.017205
2 0.821991 0.008603 0.030594 0.017205
2 0.801074 0.007493 0.029970 0.014985
2 0.780782 0.007493 0.028097 0.014985
2 0.760490 0.008048 0.026224 0.016095
2 0.738949 0.008048 0.029346 0.016095
2 0.719281 0.008603 0.027473 0.017205
2 0.698052 0.008048 0.027473 0.016095
2 0.679633 0.008603 0.029346 0.017205
2 0.658716 0.008603 0.028721 0.017205
2 0.637175 0.008048 0.028097 0.016095
2 0.617820 0.007493 0.025599 0.014985
2 0.597215 0.006938 0.026848 0.013875
2 0.576611 0.006938 0.025599 0.013875
2 0.554758 0.007493 0.028097 0.014985
2 0.535402 0.007493 0.030594 0.014985
2 0.515110 0.008048 0.026224 0.016095
2 0.495130 0.007493 0.028721 0.014985
2 0.474525 0.008048 0.027473 0.016095
2 0.453297 0.009158 0.027473 0.018315
2 0.433004 0.009158 0.026848 0.018315
2 0.412088 0.008603 0.027473 0.017205
2 0.390859 0.008603 0.028721 0.017205
2 0.372752 0.009158 0.027473 0.018315
2 0.351523 0.009713 0.026224 0.019425
2 0.331856 0.010823 0.025599 0.021645
2 0.311876 0.010268 0.024351 0.020535
2 0.292520 0.011933 0.024351 0.023865
2 0.272540 0.011933 0.024351 0.023865
2 0.252872 0.013043 0.024975 0.026085
2 0.231331 0.010268 0.026848 0.020535
2 0.212912 0.013043 0.027473 0.026085
2 0.191683 0.011378 0.027473 0.022755
2 0.172015 0.013598 0.024351 0.027195
2 0.151099 0.014708 0.026224 0.029415
2 0.130807 0.013043 0.026848 0.026085
2 0.111763 0.014153 0.029970 0.028305
2 0.090534 0.014153 0.031219 0.028305
0 0.103334 0.116550 0.068057 0.212010
0 0.102398 0.304695 0.069930 0.213120
0 0.099588 0.451770 0.068057 0.136530
0 0.163899 0.068820 0.126748 0.105450
0 0.346216 0.061050 0.136738 0.112110
0 0.532905 0.057165 0.135490 0.104340
0 0.714910 0.054945 0.132368 0.104340
0 0.811688 0.436230 0.132368 0.109890
0 0.624063 0.437340 0.130495 0.114330
0 0.438312 0.440670 0.131119 0.109890
0 0.251936 0.440670 0.127997 0.109890
1 0.164835 0.209790 0.126124 0.216450
1 0.162650 0.392385 0.131743 0.213120
1 0.253184 0.112110 0.129246 0.218670
1 0.252872 0.299145 0.126124 0.210900
1 0.344968 0.199800 0.136738 0.207570
1 0.344031 0.391830 0.132368 0.212010
1 0.437375 0.107670 0.129246 0.214230
1 0.435502 0.296370 0.135490 0.212010
1 0.530095 0.200910 0.132368 0.216450
1 0.530095 0.392385 0.129870 0.210900
1 0.623127 0.106560 0.129870 0.205350
1 0.624688 0.291375 0.132992 0.208680
1 0.714286 0.197580 0.132368 0.205350
1 0.717095 0.391830 0.129246 0.218670
1 0.807005 0.106560 0.130495 0.207570
1 0.810127 0.294705 0.132992 0.213120
1 0.900662 0.202575 0.132992 0.215340
1 0.901911 0.385170 0.134241 0.207570
1 0.962662 0.104618 0.074675 0.209235
0 0.965472 0.433455 0.069056 0.111000
1 0.964535 0.295260 0.070929 0.214230
0 0.900037 0.059663 0.139236 0.119325