2 0.464466 0.059724 0.010823 0.032067
2 0.477092 0.060125 0.018939 0.034472
2 0.494904 0.058923 0.020292 0.032067
2 0.511364 0.058522 0.020743 0.032868
2 0.528950 0.058923 0.021645 0.033670
2 0.546537 0.059323 0.021645 0.036075
2 0.562996 0.059724 0.022096 0.032067
2 0.580357 0.059724 0.020743 0.035273
2 0.598169 0.060526 0.021194 0.038480
2 0.615530 0.059724 0.020743 0.036877
2 0.632440 0.060125 0.020292 0.036075
2 0.649576 0.060526 0.019390 0.036877
2 0.666261 0.062129 0.020292 0.036877
2 0.684298 0.062530 0.019390 0.036075
2 0.700758 0.063332 0.019841 0.036075
2 0.717893 0.063733 0.019841 0.036877
2 0.735705 0.064133 0.019390 0.036075
2 0.751714 0.064534 0.020743 0.033670
2 0.768624 0.066538 0.020292 0.036075
2 0.786210 0.065737 0.019390 0.036075
2 0.803120 0.065737 0.018939 0.037678
2 0.820707 0.066538 0.018939 0.034472
2 0.837392 0.067340 0.021645 0.034472
2 0.854527 0.067340 0.020743 0.036075
2 0.871212 0.068142 0.020743 0.036075
2 0.888348 0.066939 0.020743 0.033670
2 0.906160 0.066939 0.020292 0.036877
2 0.924648 0.068142 0.018488 0.037678
2 0.940431 0.069344 0.020292 0.035273
2 0.957116 0.067741 0.022998 0.035273
2 0.975153 0.067340 0.021194 0.036075
2 0.991297 0.066939 0.017406 0.036877
2 0.459055 0.489017 0.009921 0.037678
2 0.470779 0.490220 0.020743 0.036877
2 0.488591 0.490620 0.019390 0.037678
2 0.505276 0.489819 0.022096 0.037678
2 0.522412 0.491021 0.022096 0.035273
2 0.539998 0.491021 0.022096 0.038480
2 0.557359 0.493426 0.021645 0.038480
2 0.574946 0.491823 0.020743 0.033670
2 0.592082 0.492625 0.020743 0.036877
2 0.610119 0.493426 0.021645 0.040083
2 0.627255 0.492625 0.020743 0.036877
2 0.644841 0.493827 0.021645 0.036075
2 0.661977 0.494629 0.020743 0.039282
2 0.679563 0.493827 0.019841 0.036075
2 0.697150 0.495030 0.022547 0.036877
2 0.714511 0.494629 0.021194 0.039282
2 0.732549 0.495430 0.019390 0.037678
2 0.749233 0.495430 0.019390 0.036075
2 0.766595 0.495430 0.021645 0.036075
2 0.783956 0.495030 0.020292 0.040083
2 0.800866 0.495831 0.020743 0.035273
2 0.817325 0.495030 0.020292 0.036877
2 0.834235 0.497034 0.018939 0.039282
2 0.852047 0.496633 0.019390 0.036877
2 0.868281 0.496232 0.020292 0.037678
2 0.885191 0.496633 0.019841 0.036877
2 0.901876 0.497034 0.019841 0.036075
2 0.919012 0.496232 0.020743 0.036075
2 0.936598 0.497835 0.020743 0.036075
2 0.953734 0.498236 0.019841 0.036877
2 0.971771 0.499439 0.019841 0.036075
2 0.989042 0.499038 0.021916 0.036877
0 0.485209 0.155123 0.056818 0.165143
0 0.484307 0.313452 0.056818 0.170755
0 0.483856 0.432099 0.057720 0.092192
0 0.538194 0.115841 0.107774 0.088183
0 0.693994 0.117845 0.109127 0.090588
0 0.848214 0.122655 0.109127 0.085778
0 0.975063 0.123858 0.049874 0.088183
0 0.613952 0.438913 0.110480 0.091390
0 0.769977 0.439314 0.109578 0.088985
0 0.924874 0.442120 0.106421 0.084977
1 0.537969 0.235289 0.108225 0.173160
1 0.534812 0.392817 0.109127 0.169152
1 0.615530 0.157127 0.110931 0.170755
1 0.613952 0.315456 0.111382 0.173160
1 0.694219 0.237294 0.111382 0.172359
1 0.693092 0.396425 0.111833 0.173160
1 0.771329 0.157928 0.108676 0.175565
1 0.771555 0.317460 0.108225 0.173962
1 0.847763 0.240901 0.107323 0.173160
1 0.846411 0.399631 0.108225 0.169954
1 0.926001 0.167549 0.112284 0.175565
1 0.925325 0.322671 0.113636 0.176367
1 0.975063 0.246112 0.049874 0.173962
1 0.974612 0.396825 0.050776 0.169152