2 0.829951 0.134921 0.026786 0.046176
2 0.809253 0.133478 0.027597 0.046176
2 0.790584 0.132756 0.027597 0.044733
2 0.770698 0.132035 0.028409 0.046176
2 0.750573 0.133265 0.026738 0.044988
2 0.731474 0.133265 0.026738 0.046685
2 0.711182 0.132841 0.026261 0.047534
2 0.692322 0.134539 0.027693 0.045837
2 0.671791 0.132841 0.028648 0.044139
2 0.651499 0.130719 0.027215 0.046685
2 0.631446 0.130295 0.026261 0.045837
2 0.610437 0.130719 0.028170 0.043290
2 0.591100 0.130719 0.028648 0.043290
2 0.571047 0.129870 0.027693 0.041592
2 0.550993 0.131325 0.026738 0.044503
2 0.530462 0.130719 0.028648 0.043290
2 0.510397 0.131244 0.027443 0.043290
2 0.490685 0.132619 0.028216 0.043290
2 0.469426 0.131588 0.026670 0.049474
2 0.451453 0.132619 0.026283 0.043290
2 0.429808 0.131244 0.026283 0.044664
2 0.409709 0.132619 0.026283 0.043290
2 0.390963 0.133306 0.028216 0.041916
2 0.371251 0.133306 0.027443 0.041916
2 0.350765 0.132275 0.025897 0.042603
2 0.331439 0.134680 0.025124 0.044664
2 0.311340 0.135367 0.027443 0.044664
2 0.292401 0.135711 0.025124 0.043977
2 0.272302 0.136742 0.024351 0.043290
2 0.253556 0.136398 0.026283 0.042603
2 0.234037 0.136398 0.025897 0.041229
2 0.214324 0.138116 0.024351 0.041916
2 0.195385 0.137772 0.025124 0.041229
2 0.175673 0.138803 0.025897 0.041916
2 0.156153 0.138116 0.027056 0.041916
2 0.136827 0.138803 0.026283 0.043290
2 0.118275 0.139490 0.026283 0.043290
2 0.098369 0.140177 0.024351 0.043290
2 0.079816 0.139834 0.026670 0.046726
2 0.059910 0.138803 0.023964 0.044664
2 0.039425 0.138459 0.023964 0.045351
2 0.021259 0.138116 0.026283 0.043290
2 0.008117 0.137429 0.016234 0.043290
2 0.003479 0.631828 0.006957 0.043977
2 0.012948 0.632516 0.024351 0.042603
2 0.033627 0.632172 0.027829 0.047413
2 0.052953 0.634233 0.026283 0.048787
2 0.072086 0.634233 0.025897 0.047413
2 0.091605 0.632172 0.026283 0.041916
2 0.112284 0.630798 0.025124 0.044664
2 0.131223 0.633546 0.024351 0.044664
2 0.150549 0.631828 0.025124 0.039854
2 0.169102 0.633203 0.023578 0.043977
2 0.187268 0.632516 0.023578 0.042603
2 0.206981 0.633546 0.025897 0.043290
2 0.226693 0.633890 0.024351 0.043977
2 0.245246 0.633890 0.025124 0.045351
2 0.266698 0.632859 0.023964 0.043290
2 0.285637 0.634233 0.024737 0.046039
2 0.306316 0.633546 0.025124 0.044664
2 0.326028 0.635608 0.025897 0.043290
2 0.346127 0.635608 0.024351 0.044664
2 0.365260 0.635608 0.024737 0.046039
2 0.385938 0.635608 0.023578 0.047413
2 0.404878 0.635608 0.024351 0.044664
2 0.425170 0.636295 0.025510 0.046039
2 0.446042 0.635264 0.024737 0.042603
2 0.465948 0.636982 0.025897 0.044664
2 0.486240 0.635608 0.027829 0.046039
2 0.505759 0.637326 0.026670 0.046726
2 0.526824 0.636295 0.026283 0.044664
2 0.547310 0.636982 0.026283 0.047413
2 0.567216 0.636638 0.026670 0.042603
2 0.587508 0.636638 0.028602 0.046726
2 0.607993 0.635608 0.026283 0.044664
2 0.627899 0.635951 0.025897 0.043977
2 0.648578 0.636295 0.023964 0.046039
2 0.669063 0.636295 0.028602 0.043290
2 0.688969 0.635264 0.025124 0.043977
2 0.709068 0.634577 0.026670 0.042603
2 0.729746 0.635951 0.025510 0.042603
2 0.750425 0.635264 0.026670 0.045351
2 0.770911 0.635264 0.026670 0.045351
2 0.789464 0.635951 0.024351 0.046726
2 0.809562 0.635951 0.026670 0.045351
2 0.831207 0.636295 0.028216 0.046039
0 0.813718 0.566378 0.073864 0.118326
0 0.811282 0.429293 0.068994 0.210678
0 0.813312 0.248918 0.073052 0.213564
0 0.748782 0.200577 0.125812 0.119769
0 0.568588 0.196248 0.127435 0.116883
0 0.385958 0.196970 0.130682 0.106782
0 0.208198 0.200577 0.122565 0.108225
0 0.046672 0.207792 0.093344 0.116883
0 0.117695 0.569986 0.126623 0.113997
0 0.293831 0.569264 0.129870 0.112554
0 0.474432 0.571429 0.132305 0.108225
0 0.657468 0.569986 0.134740 0.105339
1 0.049513 0.339105 0.099026 0.200577
1 0.046672 0.516595 0.093344 0.209235
1 0.119318 0.249639 0.128247 0.203463
1 0.118101 0.427128 0.129058 0.209235
1 0.207386 0.339827 0.129058 0.210678
1 0.205763 0.519481 0.127435 0.206349
1 0.293425 0.427850 0.133929 0.213564
1 0.293425 0.247475 0.132305 0.204906
1 0.384740 0.334055 0.133117 0.210678
1 0.385552 0.519481 0.134740 0.212121
1 0.477273 0.245310 0.129870 0.206349
1 0.477679 0.426407 0.129058 0.207792
1 0.566153 0.334055 0.135552 0.213564
1 0.566964 0.522367 0.137175 0.215007
1 0.659497 0.246032 0.130682 0.204906
1 0.660308 0.430014 0.132305 0.215007
1 0.750406 0.335498 0.129058 0.219336
1 0.751218 0.520202 0.130682 0.213564