2 0.038490 0.330261 0.005760 0.019550
2 0.045036 0.330261 0.011521 0.019550
2 0.053414 0.330494 0.010997 0.020016
2 0.062317 0.330959 0.010997 0.020016
2 0.071219 0.331192 0.010997 0.020481
2 0.080252 0.331192 0.011259 0.020481
2 0.089286 0.331425 0.011521 0.020016
2 0.098057 0.330959 0.010735 0.018154
2 0.106960 0.331192 0.010735 0.019550
2 0.115862 0.331192 0.010735 0.019550
2 0.124372 0.331658 0.009950 0.019550
2 0.133012 0.331658 0.010473 0.019550
2 0.142176 0.331890 0.010997 0.020016
2 0.150424 0.332123 0.011259 0.020481
2 0.159065 0.332356 0.011259 0.020016
2 0.167836 0.331890 0.010473 0.020016
2 0.176608 0.332123 0.011259 0.019550
2 0.185379 0.332123 0.012044 0.019550
2 0.194151 0.332123 0.010735 0.018619
2 0.202660 0.331658 0.010997 0.018619
2 0.211301 0.332123 0.010997 0.019550
2 0.220596 0.332123 0.010735 0.019550
2 0.228975 0.331658 0.010735 0.019550
2 0.237615 0.331890 0.011783 0.019085
2 0.246256 0.331192 0.011259 0.020481
2 0.255682 0.330959 0.010735 0.019085
2 0.264453 0.331890 0.012044 0.020016
2 0.272963 0.331658 0.010735 0.018619
2 0.281996 0.331658 0.010997 0.019550
2 0.290899 0.331658 0.010997 0.019550
2 0.299801 0.331192 0.011521 0.020481
2 0.308965 0.331890 0.010997 0.019085
2 0.317606 0.331425 0.010997 0.019085
2 0.326508 0.331658 0.011521 0.019550
2 0.335672 0.332123 0.011521 0.020481
2 0.034955 0.555323 0.005499 0.020016
2 0.040977 0.555090 0.011259 0.018619
2 0.049749 0.555090 0.010473 0.019550
2 0.059044 0.554857 0.011259 0.018154
2 0.068077 0.555090 0.011521 0.019550
2 0.076979 0.555556 0.010997 0.019550
2 0.085882 0.555788 0.010473 0.019085
2 0.094522 0.555788 0.010473 0.019085
2 0.103425 0.556021 0.011521 0.018619
2 0.111934 0.556254 0.010735 0.020016
2 0.120706 0.556487 0.011521 0.019550
2 0.129608 0.556487 0.009950 0.018619
2 0.138511 0.556952 0.010473 0.019550
2 0.147020 0.557417 0.010212 0.020481
2 0.155661 0.556952 0.010735 0.019550
2 0.164432 0.557185 0.010997 0.020947
2 0.173727 0.557417 0.010735 0.019550
2 0.181975 0.557417 0.010473 0.018619
2 0.190747 0.557417 0.010735 0.018619
2 0.199387 0.557185 0.010735 0.019085
2 0.208290 0.557883 0.010735 0.019550
2 0.217192 0.557883 0.010735 0.019550
2 0.225964 0.558581 0.010473 0.020016
2 0.234735 0.558116 0.010735 0.019085
2 0.243637 0.558348 0.010735 0.020481
2 0.252540 0.558581 0.010212 0.020016
2 0.261311 0.559279 0.011521 0.020481
2 0.270345 0.558814 0.011259 0.021412
2 0.279378 0.559047 0.010473 0.020016
2 0.288411 0.559745 0.011259 0.019550
2 0.296921 0.559978 0.010473 0.020016
2 0.306085 0.560210 0.010997 0.019550
2 0.314857 0.560210 0.011259 0.020481
2 0.323759 0.559978 0.010735 0.020016
2 0.333185 0.559512 0.010735 0.020016
2 0.344706 0.331192 0.011259 0.020481
2 0.353739 0.331890 0.011521 0.020947
2 0.363034 0.331890 0.010735 0.019085
2 0.372067 0.333287 0.012044 0.020947
2 0.381101 0.331890 0.010735 0.020016
2 0.390003 0.331658 0.011259 0.019550
2 0.399298 0.332123 0.012044 0.020481
2 0.407939 0.331890 0.010997 0.019085
2 0.417365 0.332123 0.010997 0.019550
2 0.426660 0.332123 0.012306 0.019550
2 0.435562 0.332123 0.011783 0.020481
2 0.444988 0.331890 0.011259 0.020947
2 0.454022 0.332356 0.011521 0.020016
2 0.463186 0.332821 0.012044 0.019085
2 0.472350 0.332821 0.012044 0.020016
2 0.481514 0.333054 0.011521 0.019550
2 0.490417 0.332821 0.012044 0.020947
2 0.499712 0.333054 0.011259 0.020481
2 0.509007 0.333287 0.012568 0.019085
2 0.518695 0.333520 0.012568 0.019550
2 0.341564 0.559512 0.011259 0.020016
2 0.351121 0.559978 0.010473 0.020016
2 0.359630 0.560210 0.011783 0.018619
2 0.368925 0.561141 0.010997 0.020481
2 0.378221 0.560443 0.010735 0.019085
2 0.387385 0.561141 0.010212 0.020481
2 0.396549 0.561141 0.011259 0.020481
2 0.405582 0.560909 0.010997 0.020016
2 0.414616 0.560909 0.011259 0.020016
2 0.423649 0.561840 0.011521 0.020947
2 0.432813 0.562072 0.011521 0.019550
2 0.441846 0.561840 0.011783 0.019085
2 0.451011 0.562072 0.011783 0.019550
2 0.460044 0.562538 0.010997 0.020481
2 0.469339 0.562771 0.011783 0.020947
2 0.478503 0.562538 0.011259 0.019550
2 0.487798 0.562771 0.011521 0.020947
2 0.497094 0.562538 0.011259 0.019550
2 0.506258 0.562771 0.011783 0.020947
2 0.515553 0.563236 0.011521 0.020016
0 0.508876 0.383792 0.030111 0.090304
0 0.508091 0.469441 0.030111 0.091235
0 0.507567 0.533212 0.030111 0.050272
0 0.481253 0.363078 0.056556 0.047945
0 0.438574 0.531816 0.057080 0.050272
0 0.398382 0.361681 0.057342 0.049807
0 0.354917 0.530419 0.056295 0.048410
0 0.315642 0.360983 0.057342 0.048410
0 0.273225 0.530652 0.057866 0.047945
0 0.234342 0.361449 0.054985 0.048410
0 0.192711 0.528092 0.054985 0.045617
0 0.155530 0.361681 0.054985 0.049807
0 0.114029 0.527394 0.055771 0.049807
0 0.076063 0.360983 0.055771 0.047479
0 0.049487 0.380999 0.030373 0.090304
0 0.048701 0.463157 0.029326 0.089838
0 0.047392 0.525066 0.030373 0.047945
1 0.076194 0.422893 0.055509 0.089373
1 0.074754 0.504585 0.055771 0.091700
1 0.115862 0.382163 0.055247 0.090769
1 0.115207 0.463855 0.054985 0.092166
1 0.155530 0.423591 0.054985 0.090769
1 0.154744 0.507378 0.054985 0.091700
1 0.195329 0.382163 0.056033 0.091700
1 0.194282 0.464553 0.054985 0.092631
1 0.234080 0.423591 0.057080 0.093562
1 0.234211 0.507378 0.054724 0.090769
1 0.275189 0.381464 0.057080 0.092166
1 0.273879 0.466183 0.057080 0.094028
1 0.315249 0.424056 0.058127 0.093562
1 0.314857 0.508542 0.057342 0.091235
1 0.356488 0.382395 0.057342 0.092166
1 0.355703 0.466183 0.059437 0.093097
1 0.396811 0.424754 0.059437 0.093097
1 0.396549 0.510171 0.059437 0.090769
1 0.439228 0.384490 0.058913 0.089838
1 0.438704 0.468743 0.057866 0.092631
1 0.480598 0.425685 0.058913 0.093097
1 0.479813 0.510869 0.057866 0.091235