2 0.445691 0.349600 0.011068 0.021645
2 0.436098 0.349272 0.011806 0.019677
2 0.427428 0.348616 0.011437 0.020989
2 0.417466 0.349600 0.012175 0.020333
2 0.408611 0.348944 0.011437 0.020333
2 0.399756 0.349272 0.010700 0.019677
2 0.390348 0.347632 0.011068 0.020333
2 0.381309 0.348616 0.011437 0.018365
2 0.372270 0.348288 0.011806 0.020333
2 0.363968 0.348288 0.011437 0.020333
2 0.354560 0.348288 0.012544 0.020333
2 0.345336 0.347632 0.011806 0.020333
2 0.335744 0.347632 0.012544 0.020333
2 0.327258 0.347632 0.011806 0.020333
2 0.317665 0.346976 0.011068 0.020333
2 0.308811 0.347304 0.011068 0.019677
2 0.299956 0.346648 0.011068 0.020989
2 0.290916 0.346976 0.010700 0.020333
2 0.282246 0.346976 0.011806 0.020333
2 0.272838 0.347960 0.011437 0.019677
2 0.264537 0.347304 0.011806 0.019677
2 0.255682 0.347632 0.011806 0.020333
2 0.246089 0.347304 0.011806 0.018365
2 0.236865 0.346976 0.011806 0.019021
2 0.228380 0.347304 0.011806 0.019677
2 0.220447 0.347304 0.012175 0.018365
2 0.211223 0.347304 0.012175 0.019677
2 0.202738 0.346648 0.011437 0.019677
2 0.193698 0.346320 0.011806 0.019021
2 0.184844 0.346320 0.010331 0.019021
2 0.176542 0.346648 0.011437 0.019677
2 0.167687 0.346976 0.011437 0.017710
2 0.158833 0.347304 0.011437 0.019677
2 0.150347 0.347304 0.012175 0.018365
2 0.141492 0.346648 0.012175 0.019677
2 0.132453 0.346976 0.011068 0.019021
2 0.124151 0.346976 0.011437 0.017710
2 0.115112 0.346976 0.012544 0.017710
2 0.106811 0.346320 0.011437 0.017710
2 0.097956 0.345992 0.011437 0.018365
2 0.088917 0.346320 0.011806 0.019021
2 0.080062 0.345664 0.011806 0.017710
2 0.071023 0.345336 0.011437 0.019677
2 0.062537 0.345336 0.010700 0.020989
2 0.052944 0.344890 0.011437 0.020096
2 0.046119 0.344489 0.014020 0.019295
2 0.036157 0.345009 0.012544 0.019021
2 0.025273 0.345009 0.008486 0.017710
2 0.017474 0.345318 0.011499 0.019240
2 0.008681 0.344316 0.011499 0.019641
2 0.002626 0.344381 0.005252 0.020313
2 0.005133 0.568925 0.010265 0.020372
2 0.014085 0.569773 0.011459 0.018674
2 0.023038 0.569561 0.011220 0.019099
2 0.031990 0.569986 0.010982 0.019099
2 0.041062 0.569773 0.010982 0.018674
2 0.050134 0.570410 0.011459 0.019099
2 0.058728 0.570622 0.010504 0.020372
2 0.067561 0.570622 0.010982 0.018674
2 0.076752 0.570834 0.011220 0.019099
2 0.085585 0.571047 0.011220 0.018674
2 0.094299 0.570622 0.010982 0.018674
2 0.103490 0.571259 0.011220 0.019099
2 0.112204 0.571683 0.010982 0.019947
2 0.121156 0.571683 0.010743 0.019099
2 0.129870 0.572108 0.010504 0.019099
2 0.138464 0.572108 0.010982 0.019947
2 0.147178 0.571895 0.009788 0.017825
2 0.155892 0.572108 0.010982 0.019099
2 0.164725 0.572744 0.010982 0.019523
2 0.173797 0.573169 0.010504 0.018674
2 0.182152 0.573169 0.010027 0.019523
2 0.191105 0.573169 0.010743 0.019523
2 0.199222 0.573593 0.011698 0.019523
2 0.208532 0.574230 0.011220 0.019947
2 0.217007 0.574230 0.010982 0.019947
2 0.225960 0.574654 0.010265 0.019099
2 0.234554 0.574654 0.010265 0.019099
2 0.243745 0.574866 0.010982 0.018674
2 0.252698 0.574654 0.009788 0.018250
2 0.261650 0.574866 0.010504 0.019523
2 0.270603 0.575079 0.010265 0.019099
2 0.279078 0.575927 0.011459 0.019947
2 0.288388 0.575503 0.010027 0.018250
2 0.297189 0.575889 0.011437 0.020333
2 0.305859 0.576545 0.011806 0.020333
2 0.315636 0.576545 0.010700 0.019021
2 0.324675 0.577201 0.011806 0.020333
2 0.333530 0.577201 0.012544 0.019021
2 0.342385 0.577201 0.012544 0.020333
2 0.351055 0.577529 0.011437 0.020989
2 0.360279 0.577856 0.012175 0.020333
2 0.369503 0.577201 0.011437 0.019021
2 0.378726 0.578091 0.011437 0.018552
2 0.387397 0.578659 0.012544 0.019314
2 0.397179 0.578761 0.011627 0.019110
2 0.406502 0.579151 0.011408 0.019110
2 0.415497 0.579736 0.012285 0.020280
2 0.424710 0.580126 0.011846 0.020280
2 0.433705 0.579736 0.011846 0.018720
2 0.443138 0.579346 0.011846 0.017940
0 0.435729 0.401417 0.031730 0.091171
0 0.435176 0.485373 0.031361 0.093795
0 0.434622 0.549324 0.030254 0.051161
0 0.408427 0.379444 0.058294 0.051161
0 0.365629 0.548341 0.057556 0.049193
0 0.325782 0.378132 0.058294 0.048537
0 0.282800 0.545389 0.055711 0.048537
0 0.243875 0.377148 0.057556 0.049193
0 0.202184 0.544077 0.054604 0.047226
0 0.164182 0.376492 0.053867 0.047881
0 0.123967 0.541453 0.056080 0.047226
0 0.084674 0.375508 0.056449 0.048537
0 0.042429 0.540798 0.055342 0.048537
0 0.016234 0.373869 0.032468 0.049193
1 0.016418 0.435852 0.032836 0.090516
1 0.015865 0.518497 0.031730 0.089204
1 0.045012 0.395514 0.056818 0.091171
1 0.045012 0.477830 0.056818 0.091827
1 0.084858 0.437820 0.056818 0.091827
1 0.083936 0.519481 0.057925 0.089860
1 0.124336 0.397153 0.055342 0.093139
1 0.123967 0.479798 0.055342 0.091827
1 0.164367 0.438476 0.058663 0.094451
1 0.163998 0.521776 0.054236 0.093139
1 0.203844 0.398465 0.056449 0.093139
1 0.203476 0.481438 0.057187 0.093795
1 0.244244 0.439132 0.056818 0.093139
1 0.244060 0.523416 0.054973 0.092483
1 0.284644 0.398137 0.057187 0.093795
1 0.284091 0.482094 0.058294 0.095107
1 0.325413 0.439460 0.058294 0.095107
1 0.325598 0.525384 0.056449 0.093795
1 0.367289 0.400433 0.057187 0.094451
1 0.366736 0.483733 0.056818 0.093139
1 0.408611 0.442411 0.057925 0.093139
1 0.407504 0.527023 0.059401 0.091827