2 0.540558 0.534842 0.007593 0.021878
2 0.547235 0.535074 0.012044 0.019550
2 0.557054 0.535772 0.011783 0.020947
2 0.566611 0.535074 0.011521 0.021412
2 0.575251 0.535540 0.012044 0.020481
2 0.584285 0.535540 0.012306 0.019550
2 0.593711 0.535772 0.012306 0.021878
2 0.603137 0.535772 0.012306 0.020016
2 0.612301 0.536471 0.011783 0.020481
2 0.621596 0.535772 0.012044 0.020947
2 0.630629 0.536005 0.012830 0.020481
2 0.639925 0.536471 0.011521 0.021412
2 0.649220 0.536238 0.012830 0.020947
2 0.659039 0.536238 0.012044 0.020016
2 0.668334 0.536005 0.012306 0.020481
2 0.676712 0.536703 0.012306 0.020947
2 0.686138 0.537402 0.011783 0.020481
2 0.695303 0.536936 0.011783 0.019550
2 0.704598 0.538100 0.012044 0.020947
2 0.714417 0.537634 0.011783 0.020016
2 0.723057 0.538100 0.012830 0.020016
2 0.732352 0.537867 0.012044 0.020481
2 0.741517 0.537402 0.011521 0.019550
2 0.750812 0.537402 0.012306 0.019550
2 0.759714 0.537169 0.012830 0.019085
2 0.768486 0.537634 0.011521 0.020947
2 0.777781 0.538100 0.012830 0.020016
2 0.787207 0.538333 0.012306 0.019550
2 0.796109 0.538100 0.011783 0.019085
2 0.805142 0.538333 0.011521 0.020481
2 0.814045 0.539264 0.011521 0.020481
2 0.823340 0.537867 0.011783 0.020481
2 0.831981 0.538333 0.011783 0.019550
2 0.841014 0.538333 0.012044 0.020481
2 0.850047 0.538333 0.011783 0.020481
2 0.538987 0.767118 0.006546 0.021878
2 0.545795 0.766653 0.011783 0.020947
2 0.554959 0.767816 0.011259 0.021412
2 0.564909 0.767816 0.010735 0.021412
2 0.573419 0.768049 0.012044 0.020947
2 0.583368 0.767816 0.011521 0.020481
2 0.592140 0.767816 0.011783 0.020481
2 0.601697 0.768049 0.011521 0.020947
2 0.610730 0.767351 0.012306 0.019550
2 0.620025 0.768515 0.011521 0.020947
2 0.629320 0.768282 0.012306 0.022343
2 0.638354 0.768980 0.011521 0.020947
2 0.647780 0.768980 0.012568 0.020947
2 0.656944 0.768282 0.012568 0.020481
2 0.666370 0.768747 0.013092 0.020481
2 0.675403 0.768980 0.012306 0.021878
2 0.684960 0.768980 0.012044 0.021878
2 0.693994 0.768747 0.012830 0.021412
2 0.703420 0.768747 0.012306 0.020481
2 0.712453 0.768515 0.012044 0.020947
2 0.722141 0.768049 0.012044 0.021878
2 0.730519 0.768980 0.012044 0.020947
2 0.739684 0.769446 0.011521 0.020947
2 0.748979 0.769213 0.011783 0.021412
2 0.758143 0.769213 0.012830 0.020481
2 0.767700 0.768980 0.012568 0.020947
2 0.776602 0.768747 0.012568 0.020481
2 0.785112 0.767816 0.011783 0.020481
2 0.794538 0.768515 0.012306 0.020947
2 0.803833 0.768282 0.012044 0.020481
2 0.812474 0.768747 0.012044 0.018619
2 0.821245 0.768515 0.011783 0.020016
2 0.830671 0.769213 0.011783 0.021412
2 0.839836 0.769213 0.011259 0.021412
2 0.849523 0.768282 0.011783 0.021412
2 0.858950 0.538798 0.012306 0.020481
2 0.868114 0.539031 0.012306 0.019085
2 0.877147 0.539264 0.011521 0.022343
2 0.886311 0.538565 0.012044 0.021878
2 0.895345 0.539729 0.011783 0.020481
2 0.904771 0.539031 0.011783 0.021878
2 0.913411 0.539496 0.012306 0.020016
2 0.922837 0.539496 0.012830 0.020947
2 0.932001 0.539496 0.012830 0.020947
2 0.940904 0.539729 0.012306 0.018619
2 0.950592 0.539729 0.012306 0.019550
2 0.959756 0.539729 0.012830 0.020481
2 0.968920 0.540195 0.012830 0.019550
2 0.977953 0.540427 0.012568 0.020016
2 0.987510 0.540427 0.012306 0.021878
2 0.995392 0.540427 0.009216 0.020947
2 0.857902 0.767584 0.012830 0.021878
2 0.866805 0.768515 0.013354 0.021878
2 0.875969 0.768515 0.012830 0.021878
2 0.885526 0.769678 0.012044 0.023274
2 0.894821 0.769678 0.012306 0.023274
2 0.904378 0.769213 0.012044 0.019550
2 0.913149 0.769678 0.011783 0.022343
2 0.922314 0.769678 0.012830 0.022343
2 0.931609 0.769911 0.012044 0.021878
2 0.941035 0.770377 0.012044 0.022809
2 0.950330 0.770144 0.012306 0.020481
2 0.959363 0.770144 0.012044 0.020481
2 0.968920 0.770609 0.011259 0.019550
2 0.977823 0.771075 0.012306 0.021412
2 0.988034 0.771308 0.011783 0.020947
2 0.995523 0.771540 0.008954 0.021412
0 0.983478 0.571149 0.033044 0.050738
0 0.912233 0.569520 0.059698 0.051203
0 0.830671 0.568356 0.058913 0.049807
0 0.747670 0.567891 0.058913 0.047014
0 0.955305 0.740120 0.061008 0.050738
0 0.871649 0.740818 0.058651 0.051203
0 0.788647 0.738724 0.059175 0.048876
0 0.705776 0.738025 0.058913 0.051203
0 0.664013 0.567658 0.059698 0.051203
0 0.621989 0.738491 0.058913 0.051203
0 0.579833 0.566494 0.058389 0.051669
0 0.552079 0.586976 0.030635 0.091700
0 0.551817 0.674021 0.032206 0.093562
0 0.552079 0.736629 0.031158 0.050272
1 0.580777 0.629198 0.058218 0.095537
1 0.580637 0.716027 0.059617 0.095039
1 0.622201 0.586904 0.059337 0.094541
1 0.622621 0.673235 0.058498 0.096034
1 0.664045 0.631189 0.060737 0.095537
1 0.664045 0.716027 0.060177 0.093049
1 0.706169 0.589391 0.059897 0.094541
1 0.705609 0.675723 0.059337 0.095039
1 0.747733 0.631686 0.059617 0.095537
1 0.746613 0.717022 0.060177 0.091058
1 0.789437 0.590884 0.059057 0.094541
1 0.788877 0.674479 0.059617 0.094541
1 0.830161 0.631686 0.058218 0.094541
1 0.829601 0.718266 0.058218 0.096532
1 0.870606 0.589640 0.058498 0.093049
1 0.870886 0.673981 0.057938 0.094541
1 0.912730 0.632930 0.058218 0.097029
1 0.913009 0.716525 0.058777 0.093049
1 0.954573 0.591631 0.060177 0.095039
1 0.954853 0.676220 0.059617 0.095039
1 0.983514 0.634672 0.032971 0.093546
1 0.983934 0.719262 0.032132 0.095537