2 0.145981 0.271328 0.009101 0.026236
2 0.154221 0.270453 0.015250 0.025362
2 0.165658 0.270891 0.015496 0.026236
2 0.177465 0.270453 0.014512 0.026236
2 0.189148 0.270016 0.014758 0.026236
2 0.201077 0.270016 0.015004 0.025362
2 0.212392 0.270672 0.015496 0.024925
2 0.224690 0.270235 0.016972 0.024925
2 0.236128 0.269798 0.014266 0.024925
2 0.247565 0.269579 0.014512 0.025362
2 0.259740 0.270016 0.014758 0.025362
2 0.271670 0.269798 0.015496 0.024925
2 0.283845 0.269798 0.014758 0.024925
2 0.295282 0.270453 0.015004 0.025362
2 0.307581 0.270453 0.015004 0.025362
2 0.319510 0.270235 0.014758 0.024925
2 0.331316 0.270235 0.015742 0.024925
2 0.343246 0.270453 0.015496 0.025362
2 0.355175 0.270453 0.014758 0.024487
2 0.367473 0.270235 0.014758 0.024925
2 0.379280 0.270672 0.014758 0.024925
2 0.391455 0.270235 0.014512 0.024050
2 0.403630 0.270453 0.014758 0.024487
2 0.416175 0.270235 0.014758 0.025799
2 0.141922 0.571516 0.006887 0.024050
2 0.149793 0.572172 0.014758 0.025362
2 0.161108 0.572609 0.014758 0.024487
2 0.173283 0.572391 0.014512 0.024925
2 0.184844 0.572172 0.015988 0.025362
2 0.196896 0.572828 0.015004 0.025799
2 0.208333 0.573702 0.014758 0.024925
2 0.220140 0.573265 0.014758 0.025799
2 0.232069 0.573702 0.015004 0.025799
2 0.244121 0.573702 0.015004 0.025799
2 0.255682 0.573921 0.014020 0.025362
2 0.267488 0.573921 0.015004 0.026236
2 0.279664 0.574358 0.014758 0.025362
2 0.291593 0.574577 0.015496 0.026674
2 0.303891 0.575014 0.016972 0.026674
2 0.315944 0.574358 0.016972 0.026236
2 0.328242 0.575014 0.016480 0.026674
2 0.340171 0.574796 0.016234 0.026236
2 0.352347 0.575451 0.015988 0.026674
2 0.364768 0.575233 0.015742 0.026236
2 0.376328 0.575670 0.014758 0.025362
2 0.388750 0.576107 0.014512 0.025362
2 0.401048 0.576545 0.014512 0.025362
2 0.413223 0.576326 0.015742 0.025799
2 0.424907 0.576107 0.015988 0.025362
2 0.427981 0.269579 0.015742 0.026236
2 0.440156 0.270016 0.015496 0.027111
2 0.452455 0.270235 0.015496 0.024925
2 0.464384 0.270672 0.015250 0.025799
2 0.476682 0.270453 0.015250 0.026236
2 0.488981 0.270453 0.015742 0.024487
2 0.501279 0.270453 0.015250 0.024487
2 0.513577 0.270235 0.015250 0.024925
2 0.525753 0.270453 0.015004 0.025362
2 0.537682 0.271109 0.014758 0.024925
2 0.550226 0.270891 0.015742 0.025362
2 0.562279 0.271109 0.015742 0.024925
2 0.574577 0.271765 0.015742 0.025362
2 0.586998 0.271328 0.015496 0.025362
2 0.599297 0.271765 0.015004 0.026236
2 0.611226 0.271765 0.015250 0.025362
2 0.623770 0.271984 0.015250 0.024925
2 0.635577 0.271547 0.015250 0.025799
2 0.648121 0.272203 0.015250 0.024487
2 0.660296 0.272421 0.015004 0.024925
2 0.672471 0.272640 0.016234 0.023613
2 0.684647 0.272858 0.015496 0.024050
2 0.696576 0.273077 0.015250 0.025362
2 0.708628 0.273077 0.015250 0.024487
2 0.437697 0.576326 0.015496 0.024925
2 0.449749 0.576763 0.015496 0.024925
2 0.462047 0.576763 0.015004 0.024925
2 0.474346 0.577201 0.015496 0.025799
2 0.486398 0.577201 0.015004 0.025799
2 0.498573 0.577638 0.015250 0.025799
2 0.510872 0.577856 0.014758 0.025362
2 0.523047 0.577638 0.015004 0.024925
2 0.535591 0.577856 0.015004 0.025362
2 0.547767 0.578075 0.014758 0.025799
2 0.560188 0.578075 0.015988 0.025799
2 0.572117 0.578294 0.015250 0.026236
2 0.585030 0.578512 0.015988 0.024925
2 0.596960 0.578731 0.015742 0.025362
2 0.609381 0.578950 0.014512 0.024925
2 0.621679 0.578950 0.015004 0.025799
2 0.633978 0.579387 0.015496 0.025799
2 0.646153 0.579168 0.014758 0.025362
2 0.658451 0.579168 0.014758 0.025362
2 0.670381 0.578950 0.015496 0.024925
2 0.683048 0.580043 0.014758 0.027111
2 0.695223 0.579168 0.015004 0.025362
2 0.707153 0.580043 0.014758 0.026236
2 0.721050 0.273733 0.015004 0.024050
2 0.732979 0.273733 0.015742 0.024050
2 0.744909 0.273733 0.015496 0.024925
2 0.757576 0.273952 0.014758 0.024487
2 0.769628 0.274389 0.015250 0.025362
2 0.781311 0.274826 0.015496 0.024487
2 0.793487 0.275919 0.014266 0.024925
2 0.719451 0.579606 0.014758 0.024487
2 0.731380 0.579606 0.015004 0.025362
2 0.743802 0.579824 0.014758 0.025799
2 0.756469 0.580261 0.014020 0.024925
2 0.768398 0.580480 0.014266 0.025362
2 0.780697 0.580699 0.014266 0.025799
2 0.793118 0.580480 0.015496 0.026236
0 0.781066 0.343697 0.037633 0.119376
0 0.781803 0.455201 0.038617 0.121125
0 0.781189 0.539814 0.039355 0.065591
0 0.689443 0.539376 0.076741 0.063842
0 0.744909 0.312869 0.076004 0.062967
0 0.633978 0.311338 0.075512 0.063405
0 0.577283 0.538721 0.077725 0.063405
0 0.523416 0.310683 0.079201 0.065591
0 0.411870 0.309371 0.078955 0.062967
0 0.467213 0.538065 0.078463 0.063842
0 0.355913 0.535222 0.075758 0.065154
0 0.303153 0.309589 0.075020 0.063405
0 0.246704 0.533692 0.075266 0.062967
0 0.195666 0.309371 0.073052 0.060344
0 0.160493 0.338012 0.037633 0.117626
0 0.159263 0.448205 0.039109 0.121125
0 0.157910 0.532599 0.037879 0.064279
1 0.195420 0.392453 0.073052 0.120687
1 0.194190 0.504613 0.074036 0.117626
1 0.248549 0.337794 0.073052 0.118938
1 0.247688 0.449517 0.074282 0.120250
1 0.302292 0.393546 0.076250 0.120250
1 0.301063 0.506362 0.075758 0.119376
1 0.356774 0.338449 0.075512 0.119376
1 0.356528 0.451266 0.075512 0.121125
1 0.411624 0.395076 0.076495 0.120687
1 0.411009 0.507893 0.076741 0.118938
1 0.467336 0.339105 0.076250 0.118938
1 0.467213 0.451922 0.076495 0.120687
1 0.522186 0.395076 0.077233 0.121562
1 0.522309 0.508549 0.076987 0.120250
1 0.578635 0.340199 0.076495 0.120250
1 0.578512 0.451922 0.076741 0.120687
1 0.633855 0.397044 0.077233 0.120250
1 0.633855 0.510079 0.076741 0.119813
1 0.689320 0.341292 0.076004 0.118938
1 0.689320 0.453890 0.076495 0.120250
1 0.744540 0.398356 0.074774 0.120250
1 0.745031 0.511610 0.075758 0.118501