2 0.003788 0.269841 0.007576 0.032708
2 0.012175 0.271765 0.020022 0.032708
2 0.025974 0.272727 0.020563 0.030784
2 0.041667 0.273208 0.020563 0.033670
2 0.056548 0.273208 0.018939 0.031746
2 0.070617 0.274651 0.018939 0.030784
2 0.086039 0.276094 0.018398 0.035594
2 0.100379 0.274170 0.020022 0.029822
2 0.114448 0.275132 0.020022 0.031746
2 0.129058 0.274651 0.017857 0.030784
2 0.143939 0.275132 0.017316 0.031746
2 0.158820 0.274170 0.018939 0.031746
2 0.173160 0.274170 0.018398 0.029822
2 0.187500 0.274651 0.016775 0.032708
2 0.202652 0.274170 0.017857 0.031746
2 0.216450 0.276094 0.018398 0.031746
2 0.231331 0.274651 0.020022 0.030784
2 0.245130 0.275613 0.019481 0.034632
2 0.260011 0.275132 0.018939 0.031746
2 0.274080 0.275613 0.017857 0.032708
2 0.289610 0.275902 0.020779 0.034055
2 0.303896 0.275902 0.019481 0.031746
2 0.319318 0.275902 0.017857 0.034055
2 0.335065 0.276479 0.018182 0.034055
2 0.349838 0.277345 0.019156 0.033478
2 0.364123 0.277633 0.019805 0.031746
2 0.379383 0.277922 0.019156 0.031169
2 0.393994 0.277633 0.019156 0.034055
2 0.410289 0.278980 0.020485 0.032296
2 0.424784 0.278980 0.020872 0.035044
2 0.439665 0.278637 0.020485 0.030234
2 0.454545 0.279667 0.020099 0.030921
2 0.470393 0.278980 0.019326 0.032296
2 0.485581 0.280112 0.020053 0.033104
2 0.500621 0.279688 0.019576 0.032255
2 0.515661 0.280536 0.021008 0.032255
2 0.531178 0.280112 0.018621 0.031407
2 0.545502 0.282234 0.020531 0.033953
2 0.561975 0.281810 0.019099 0.033104
2 0.576873 0.283083 0.019293 0.032255
2 0.591953 0.282931 0.019712 0.035044
2 0.606991 0.283189 0.021814 0.035173
2 0.622294 0.285126 0.018639 0.035273
2 0.636424 0.284592 0.019841 0.034204
2 0.632748 0.665748 0.020661 0.036075
2 0.618543 0.665420 0.019554 0.032795
2 0.603048 0.664765 0.019554 0.032795
2 0.586998 0.663781 0.020661 0.033451
2 0.572794 0.664109 0.020292 0.032795
2 0.556744 0.662797 0.018447 0.031484
2 0.540695 0.662469 0.019554 0.032140
2 0.526306 0.662469 0.018816 0.032140
2 0.510810 0.662141 0.018079 0.030172
2 0.495683 0.661157 0.018816 0.032140
2 0.480556 0.660173 0.019554 0.030172
2 0.465061 0.659517 0.018816 0.031484
2 0.450118 0.659845 0.018447 0.032140
2 0.434438 0.659517 0.018816 0.030172
2 0.419255 0.658448 0.019763 0.033879
2 0.404080 0.658762 0.018351 0.030742
2 0.388905 0.658134 0.019057 0.030742
2 0.373730 0.654997 0.019057 0.028233
2 0.358731 0.658134 0.018704 0.033252
2 0.343909 0.655938 0.019410 0.032624
2 0.328557 0.655625 0.019763 0.033252
2 0.313912 0.655625 0.017998 0.031997
2 0.298913 0.654683 0.019057 0.031370
2 0.283738 0.654683 0.019057 0.032624
2 0.270327 0.653429 0.019057 0.030115
2 0.254976 0.653429 0.020116 0.030115
2 0.240330 0.652488 0.017645 0.030742
2 0.225685 0.650919 0.017292 0.030115
2 0.210863 0.650919 0.018704 0.033879
2 0.195864 0.649978 0.016940 0.033252
2 0.181571 0.649664 0.017998 0.032624
2 0.166573 0.650292 0.018351 0.032624
2 0.152280 0.648410 0.017998 0.035134
2 0.138340 0.648096 0.018351 0.033252
2 0.124047 0.647468 0.017292 0.033252
2 0.108872 0.646527 0.017998 0.032624
2 0.094756 0.646527 0.017998 0.031370
2 0.079228 0.646214 0.018704 0.031997
2 0.064935 0.645586 0.020469 0.031997
2 0.050466 0.644645 0.019057 0.031370
2 0.035114 0.644332 0.017998 0.031997
2 0.020116 0.644018 0.018351 0.030115
2 0.007411 0.643704 0.014822 0.031997
0 0.041521 0.322455 0.083042 0.079920
0 0.168269 0.323010 0.094281 0.081030
0 0.302510 0.325785 0.093032 0.082140
0 0.437375 0.330780 0.099276 0.081030
0 0.574426 0.330780 0.096154 0.076590
0 0.622502 0.367965 0.049950 0.153180
0 0.621566 0.508936 0.050574 0.155400
0 0.622190 0.610501 0.050574 0.089910
0 0.502622 0.612166 0.094905 0.084360
0 0.364323 0.607726 0.094281 0.079920
0 0.230395 0.602176 0.089910 0.079920
0 0.099900 0.598291 0.091159 0.076590
0 0.006868 0.609946 0.013736 0.046620
1 0.011239 0.354090 0.022478 0.094350
1 0.006868 0.489510 0.013736 0.083250
1 0.040272 0.426795 0.080544 0.155400
1 0.040584 0.559996 0.081168 0.150960
1 0.101773 0.361305 0.093656 0.157620
1 0.101461 0.494505 0.091783 0.148740
1 0.166708 0.425685 0.097403 0.155400
1 0.166084 0.564436 0.094905 0.153180
1 0.233516 0.360195 0.094905 0.155400
1 0.232580 0.496725 0.093032 0.153180
1 0.300325 0.430680 0.096154 0.158730
1 0.298452 0.569986 0.094905 0.157620
1 0.370567 0.365745 0.096778 0.157620
1 0.365884 0.503386 0.098651 0.155400
1 0.436751 0.431235 0.100524 0.155400
1 0.436126 0.573871 0.096778 0.154290
1 0.506369 0.366855 0.097403 0.157620
1 0.504808 0.507826 0.098027 0.157620
1 0.575050 0.437895 0.094905 0.159840
1 0.572240 0.572206 0.099276 0.150960