2 0.010823 0.138803 0.021645 0.043290
2 0.028409 0.140864 0.025124 0.041916
2 0.047735 0.139834 0.024351 0.039854
2 0.066868 0.141208 0.023191 0.042603
2 0.086580 0.141895 0.023964 0.041229
2 0.105713 0.140864 0.023578 0.040541
2 0.124266 0.141895 0.024351 0.039854
2 0.144171 0.141552 0.023191 0.039167
2 0.162917 0.141552 0.022805 0.041916
2 0.181857 0.141552 0.023578 0.040541
2 0.200796 0.141895 0.024351 0.039854
2 0.220122 0.141208 0.024351 0.039854
2 0.238288 0.140864 0.023578 0.039167
2 0.257035 0.140521 0.023191 0.039854
2 0.276167 0.139834 0.023578 0.039854
2 0.295107 0.139490 0.024351 0.040541
2 0.314239 0.138803 0.023964 0.040541
2 0.333952 0.138459 0.023191 0.041229
2 0.353278 0.138803 0.024737 0.041916
2 0.373377 0.138459 0.023964 0.041229
2 0.392509 0.138803 0.023578 0.040541
2 0.412222 0.138116 0.025124 0.040541
2 0.431161 0.139147 0.023578 0.039854
2 0.451067 0.139490 0.023191 0.041916
2 0.007344 0.625301 0.014688 0.043290
2 0.022225 0.625644 0.024351 0.038480
2 0.040971 0.625988 0.025510 0.039167
2 0.060683 0.626675 0.023964 0.040541
2 0.079816 0.627362 0.025897 0.041916
2 0.098562 0.626675 0.024737 0.039167
2 0.117888 0.627362 0.023964 0.040541
2 0.136441 0.628393 0.023964 0.041229
2 0.155380 0.627362 0.023964 0.037793
2 0.174513 0.627362 0.024351 0.039167
2 0.193646 0.628736 0.024737 0.041916
2 0.213358 0.629423 0.024737 0.040541
2 0.232491 0.629423 0.024351 0.040541
2 0.251430 0.629767 0.024351 0.041229
2 0.270563 0.630111 0.023964 0.041916
2 0.289889 0.629423 0.023964 0.040541
2 0.309021 0.630111 0.023578 0.040541
2 0.328541 0.631828 0.023964 0.041229
2 0.348446 0.630798 0.023578 0.040541
2 0.367965 0.631828 0.024737 0.041229
2 0.387678 0.632516 0.023964 0.042603
2 0.407004 0.631828 0.024737 0.041229
2 0.426909 0.632516 0.025124 0.042603
2 0.446235 0.632859 0.023578 0.040541
2 0.466334 0.633890 0.024351 0.041229
2 0.471166 0.138803 0.024737 0.039167
2 0.489912 0.138116 0.023578 0.040541
2 0.509624 0.138459 0.025124 0.039854
2 0.529337 0.139147 0.024351 0.041229
2 0.548856 0.138459 0.023964 0.039854
2 0.568568 0.138803 0.023964 0.040541
2 0.588088 0.139147 0.024351 0.039854
2 0.608186 0.140177 0.025124 0.041916
2 0.628285 0.139834 0.025124 0.042603
2 0.647611 0.139834 0.023578 0.041229
2 0.667904 0.141208 0.023964 0.039854
2 0.686456 0.140521 0.023964 0.041229
2 0.706169 0.140864 0.025510 0.040541
2 0.725688 0.142239 0.025124 0.039167
2 0.745400 0.142926 0.024351 0.040541
2 0.764920 0.143613 0.023191 0.039167
2 0.783666 0.144300 0.023578 0.040541
2 0.803185 0.144644 0.024737 0.039854
2 0.822511 0.145674 0.024737 0.041916
2 0.841837 0.144644 0.024737 0.038480
2 0.861356 0.145331 0.024351 0.039854
2 0.880875 0.146362 0.024737 0.040541
2 0.901361 0.144987 0.024737 0.041916
2 0.486433 0.634577 0.022805 0.042603
2 0.506532 0.634233 0.024351 0.041916
2 0.526051 0.634921 0.024737 0.040541
2 0.546150 0.635264 0.024737 0.041229
2 0.565283 0.635264 0.025124 0.041229
2 0.584995 0.635264 0.025124 0.042603
2 0.605288 0.635608 0.024737 0.041916
2 0.625193 0.635264 0.025897 0.042603
2 0.645099 0.636295 0.026283 0.041916
2 0.665005 0.637326 0.025124 0.042603
2 0.684910 0.636638 0.024737 0.043977
2 0.704816 0.637326 0.024351 0.042603
2 0.725301 0.637669 0.024351 0.041916
2 0.744241 0.635951 0.024351 0.041229
2 0.763953 0.636638 0.024351 0.041229
2 0.783472 0.636638 0.023964 0.042603
2 0.802605 0.637669 0.024351 0.044664
2 0.821738 0.636982 0.024737 0.043290
2 0.841064 0.637326 0.023964 0.042603
2 0.860390 0.636982 0.025510 0.043290
2 0.879909 0.636638 0.024351 0.043977
2 0.899428 0.637326 0.024737 0.043977
2 0.919913 0.638013 0.026283 0.041229
2 0.920107 0.145674 0.025124 0.040541
2 0.939626 0.145331 0.025510 0.042603
2 0.960111 0.145331 0.024737 0.042603
2 0.939433 0.639043 0.025897 0.041916
2 0.959918 0.638356 0.026670 0.043290
0 0.938853 0.255961 0.063389 0.191026
0 0.940592 0.436680 0.063776 0.192400
0 0.942138 0.573421 0.064549 0.103072
0 0.880295 0.209619 0.121753 0.101091
0 0.704043 0.206487 0.123299 0.100323
0 0.792942 0.573078 0.121753 0.102384
0 0.614564 0.571703 0.124459 0.101010
0 0.524255 0.201171 0.126050 0.104405
0 0.433298 0.570410 0.120798 0.102708
0 0.257353 0.566590 0.122231 0.098464
0 0.084989 0.562771 0.120321 0.102708
0 0.347355 0.204142 0.121753 0.103557
0 0.173081 0.203293 0.118888 0.096766
0 0.030080 0.202445 0.060160 0.103557
1 0.030319 0.337408 0.060638 0.193532
1 0.030080 0.515236 0.060160 0.190985
1 0.087853 0.251676 0.116501 0.195230
1 0.085943 0.429930 0.120321 0.193532
1 0.173319 0.336983 0.121276 0.197776
1 0.172126 0.519056 0.118888 0.190137
1 0.259502 0.248706 0.121753 0.192683
1 0.257592 0.427807 0.121753 0.196078
1 0.346639 0.338257 0.123186 0.198625
1 0.344968 0.520329 0.122708 0.196078
1 0.435447 0.250403 0.122231 0.197776
1 0.435924 0.430778 0.121276 0.198625
1 0.524016 0.340803 0.123663 0.196927
1 0.524016 0.523300 0.124618 0.195230
1 0.614496 0.249979 0.124141 0.193532
1 0.614018 0.433325 0.124141 0.196927
1 0.703543 0.340379 0.124618 0.197776
1 0.704259 0.524573 0.124141 0.190985
1 0.793067 0.252950 0.120321 0.194381
1 0.792828 0.433749 0.121753 0.196078
1 0.879488 0.344623 0.120321 0.194381
1 0.880921 0.525847 0.121276 0.193532