2 0.122430 0.784432 0.013077 0.043290
2 0.137085 0.784031 0.023449 0.042488
2 0.156475 0.785233 0.023449 0.041687
2 0.174964 0.785233 0.027056 0.041687
2 0.194129 0.784031 0.025703 0.037678
2 0.214421 0.784432 0.026605 0.040083
2 0.233811 0.786035 0.026605 0.040083
2 0.252525 0.789242 0.025253 0.041687
2 0.272817 0.788440 0.026154 0.040083
2 0.292659 0.788440 0.026154 0.038480
2 0.312275 0.789642 0.028409 0.042488
2 0.331890 0.790043 0.027958 0.040083
2 0.352183 0.791246 0.027958 0.039282
2 0.371798 0.791647 0.026605 0.041687
2 0.392767 0.792047 0.027056 0.042488
2 0.412157 0.794853 0.027958 0.043290
2 0.433126 0.795254 0.028409 0.042488
2 0.453193 0.795655 0.027056 0.041687
2 0.473485 0.795254 0.027056 0.042488
2 0.494003 0.795655 0.025703 0.043290
2 0.512716 0.797258 0.027056 0.043290
2 0.534361 0.796457 0.027056 0.043290
2 0.553977 0.797659 0.026605 0.045695
2 0.574269 0.796857 0.027507 0.045695
2 0.594562 0.796457 0.027507 0.046497
2 0.615079 0.796457 0.026154 0.046497
2 0.635823 0.798461 0.027056 0.045695
2 0.655889 0.798461 0.028409 0.047298
2 0.674829 0.797659 0.028409 0.047298
2 0.694895 0.797659 0.026154 0.044092
2 0.716766 0.797659 0.025703 0.044092
2 0.737058 0.797659 0.025703 0.045695
2 0.755772 0.797659 0.025253 0.042488
2 0.776515 0.797258 0.026154 0.046497
2 0.796131 0.796857 0.027507 0.044092
2 0.815747 0.797258 0.026154 0.043290
2 0.836264 0.797659 0.026605 0.044092
2 0.856782 0.798060 0.026154 0.043290
2 0.876398 0.798060 0.025703 0.044893
2 0.896916 0.797659 0.027056 0.044092
2 0.916531 0.797659 0.028409 0.044092
2 0.937049 0.797659 0.025253 0.044092
2 0.958018 0.798461 0.025703 0.042488
2 0.978761 0.800465 0.027507 0.041687
2 0.994003 0.800064 0.011994 0.047298
0 0.135146 0.990981 0.052760 0.018038
0 0.147321 0.895382 0.067370 0.199134
0 0.203734 0.849928 0.125000 0.116883
0 0.381899 0.859307 0.130682 0.121212
0 0.568182 0.862915 0.131494 0.116883
0 0.750812 0.864358 0.129870 0.105339
0 0.934253 0.862915 0.131494 0.113997
1 0.207792 0.943362 0.134740 0.113276
1 0.295049 0.900072 0.130682 0.199856
1 0.383117 0.946248 0.129870 0.107504
1 0.476055 0.902958 0.133929 0.194084
1 0.567776 0.946970 0.129058 0.106060
1 0.659497 0.902958 0.132305 0.194084
1 0.750406 0.947691 0.130682 0.104618
1 0.841721 0.905123 0.131494 0.189754
1 0.935471 0.948413 0.129058 0.103174
1 0.980925 0.902237 0.038149 0.195526