2 0.422910 0.625856 0.006660 0.019980
2 0.429570 0.626041 0.012071 0.020350
2 0.438624 0.626226 0.011863 0.019240
2 0.448198 0.626041 0.012279 0.019610
2 0.457355 0.626781 0.012696 0.019610
2 0.466929 0.626596 0.011863 0.020720
2 0.476503 0.626226 0.012279 0.020720
2 0.485764 0.627336 0.012071 0.021460
2 0.495130 0.626966 0.012071 0.020720
2 0.504391 0.627336 0.011447 0.020720
2 0.513965 0.627521 0.011447 0.020350
2 0.523435 0.627891 0.011655 0.019610
2 0.532384 0.628261 0.011655 0.020350
2 0.541958 0.627891 0.011655 0.021090
2 0.551220 0.628076 0.012279 0.020720
2 0.560793 0.628816 0.012279 0.019980
2 0.570055 0.628631 0.011655 0.019610
2 0.579421 0.629371 0.012488 0.019610
2 0.588474 0.629371 0.011863 0.021090
2 0.598152 0.629186 0.011655 0.020720
2 0.607726 0.629186 0.012488 0.019980
2 0.616779 0.629371 0.011863 0.019610
2 0.626353 0.629741 0.011863 0.020350
2 0.635614 0.629371 0.012488 0.021090
2 0.644564 0.629926 0.012071 0.020720
2 0.654346 0.630296 0.011655 0.019980
2 0.663503 0.630481 0.011655 0.020350
2 0.673285 0.630111 0.012488 0.021090
2 0.421037 0.859881 0.006660 0.019610
2 0.427385 0.859881 0.011447 0.019610
2 0.436751 0.859881 0.011863 0.020350
2 0.446220 0.860066 0.012071 0.021460
2 0.455690 0.860436 0.011863 0.020720
2 0.464744 0.860251 0.012071 0.020350
2 0.473901 0.860806 0.012071 0.019980
2 0.483267 0.860991 0.011655 0.020350
2 0.493049 0.861361 0.012071 0.021090
2 0.502414 0.861361 0.012488 0.020350
2 0.511572 0.861731 0.012904 0.020350
2 0.520937 0.862471 0.011655 0.021090
2 0.530199 0.862656 0.011447 0.020720
2 0.539461 0.862841 0.012071 0.021090
2 0.549034 0.862656 0.012071 0.020720
2 0.558296 0.862656 0.012279 0.020720
2 0.568182 0.863211 0.012071 0.021090
2 0.577443 0.862841 0.012279 0.020350
2 0.586601 0.862656 0.011447 0.021460
2 0.596071 0.863026 0.011655 0.020720
2 0.605332 0.863211 0.011863 0.021090
2 0.614802 0.863396 0.011655 0.021460
2 0.624688 0.863211 0.010198 0.020350
2 0.633637 0.863581 0.011863 0.021090
2 0.642795 0.863766 0.011447 0.020720
2 0.652056 0.863766 0.012488 0.020720
2 0.661214 0.863581 0.011655 0.021090
2 0.670892 0.863581 0.011447 0.020350
2 0.682338 0.630296 0.011863 0.022200
2 0.691496 0.630296 0.011447 0.019980
2 0.701070 0.630481 0.011447 0.020350
2 0.709915 0.630296 0.011239 0.019240
2 0.719697 0.630666 0.012071 0.019980
2 0.728646 0.630851 0.011239 0.019610
2 0.738636 0.630481 0.011655 0.019610
2 0.747274 0.631221 0.011863 0.021090
2 0.756847 0.631036 0.011863 0.019980
2 0.766421 0.631221 0.011447 0.019610
2 0.775266 0.631221 0.011655 0.021090
2 0.784008 0.631406 0.011655 0.021460
2 0.793477 0.631406 0.011863 0.021460
2 0.802427 0.630851 0.011863 0.021090
2 0.811896 0.631591 0.011655 0.020350
2 0.821054 0.631776 0.011655 0.019980
2 0.829899 0.631776 0.012279 0.021460
2 0.839057 0.631406 0.011863 0.021460
2 0.848839 0.631221 0.011863 0.020350
2 0.857580 0.632146 0.011031 0.019980
2 0.866737 0.631961 0.011031 0.020350
2 0.875479 0.631776 0.011447 0.019980
2 0.885261 0.631961 0.011447 0.020350
2 0.894210 0.631776 0.011447 0.019980
2 0.903263 0.631961 0.011655 0.018870
2 0.913045 0.631961 0.012904 0.020350
2 0.923243 0.632516 0.010823 0.019980
2 0.679737 0.863951 0.012488 0.019610
2 0.688999 0.863581 0.011863 0.021090
2 0.698572 0.863951 0.012279 0.021090
2 0.707834 0.863951 0.011655 0.020350
2 0.716887 0.863951 0.011863 0.020350
2 0.726565 0.863581 0.011655 0.021090
2 0.735514 0.863211 0.011655 0.019610
2 0.744984 0.863396 0.012279 0.019980
2 0.754142 0.863581 0.011863 0.020350
2 0.763091 0.863766 0.012279 0.020720
2 0.772457 0.864321 0.011863 0.019610
2 0.781510 0.864136 0.011655 0.020720
2 0.790980 0.863766 0.011447 0.019980
2 0.800345 0.864506 0.010614 0.020720
2 0.809503 0.863951 0.011863 0.020350
2 0.818556 0.863951 0.012071 0.020350
2 0.827818 0.863396 0.011863 0.020720
2 0.836871 0.863766 0.011655 0.021460
2 0.846341 0.864136 0.011863 0.020720
2 0.855395 0.864876 0.012488 0.020720
2 0.864552 0.864136 0.011239 0.019980
2 0.873918 0.864876 0.012071 0.020720
2 0.883387 0.864691 0.011863 0.021090
2 0.893065 0.864876 0.012071 0.021460
2 0.902639 0.865986 0.012488 0.021460
2 0.911797 0.865616 0.012071 0.022200
2 0.921891 0.865801 0.012696 0.020350
0 0.912421 0.684871 0.030803 0.089170
0 0.912629 0.770341 0.031219 0.094350
0 0.914398 0.834721 0.034341 0.051430
0 0.884740 0.662116 0.058691 0.049580
0 0.841658 0.833796 0.059108 0.047360
0 0.801906 0.661931 0.057859 0.046990
0 0.757888 0.833796 0.060148 0.048840
0 0.717824 0.661006 0.060773 0.048840
0 0.673701 0.833611 0.059108 0.050690
0 0.632597 0.660266 0.058899 0.048100
0 0.589307 0.832131 0.058483 0.049950
0 0.548098 0.659156 0.061397 0.048100
0 0.504704 0.831206 0.059108 0.050320
0 0.463183 0.656751 0.058067 0.049210
0 0.434357 0.677656 0.031219 0.091760
0 0.434149 0.763496 0.032051 0.091760
0 0.434149 0.828616 0.032051 0.050320
1 0.462662 0.721501 0.059524 0.092130
1 0.462350 0.807896 0.058483 0.093240
1 0.505224 0.678951 0.058483 0.092130
1 0.504808 0.766271 0.060148 0.095090
1 0.547473 0.723906 0.059732 0.093980
1 0.546641 0.808451 0.059732 0.092870
1 0.589931 0.681356 0.060148 0.093980
1 0.589723 0.766641 0.059316 0.092870
1 0.632076 0.724831 0.058691 0.094350
1 0.631764 0.811226 0.059316 0.091760
1 0.674950 0.683391 0.058691 0.095090
1 0.674430 0.768306 0.060148 0.092500
1 0.716887 0.725386 0.059732 0.093980
1 0.716263 0.812151 0.059732 0.092870
1 0.759865 0.683576 0.058691 0.093980
1 0.758825 0.769231 0.060356 0.094350
1 0.800554 0.726866 0.059316 0.093980
1 0.800450 0.811781 0.059108 0.093610
1 0.842283 0.682836 0.059108 0.093980
1 0.842491 0.769231 0.058691 0.094350
1 0.883804 0.726496 0.058899 0.092500
1 0.884116 0.811781 0.058275 0.092130