2 0.455986 0.476656 0.006546 0.020947
2 0.463055 0.477587 0.011783 0.020016
2 0.472612 0.477354 0.012044 0.020481
2 0.482169 0.477587 0.012306 0.020947
2 0.491464 0.477820 0.012044 0.021412
2 0.501283 0.478285 0.012306 0.020481
2 0.510578 0.479216 0.011521 0.020481
2 0.520135 0.479216 0.011783 0.019550
2 0.529168 0.479449 0.013092 0.020947
2 0.538856 0.480613 0.011521 0.021412
2 0.548413 0.480380 0.012306 0.020016
2 0.558232 0.481078 0.012568 0.019550
2 0.567396 0.481544 0.012044 0.022343
2 0.576822 0.481311 0.012044 0.020016
2 0.586118 0.481776 0.012306 0.020016
2 0.595936 0.482475 0.013092 0.020481
2 0.605101 0.483173 0.012568 0.020016
2 0.614788 0.482940 0.012568 0.019550
2 0.624607 0.483173 0.012830 0.020016
2 0.633902 0.483173 0.012044 0.020016
2 0.643328 0.484336 0.011521 0.021412
2 0.652885 0.484569 0.011259 0.020947
2 0.662704 0.484802 0.012044 0.020481
2 0.671868 0.485035 0.012044 0.020947
2 0.681295 0.485267 0.012044 0.019550
2 0.690721 0.485966 0.012568 0.020947
2 0.700408 0.486198 0.012044 0.020481
2 0.709573 0.486664 0.011521 0.021412
2 0.718868 0.486897 0.011783 0.020016
2 0.728818 0.487362 0.012306 0.020016
2 0.737589 0.487828 0.012044 0.020016
2 0.747539 0.487828 0.011521 0.019085
2 0.756834 0.488526 0.011783 0.018619
2 0.765474 0.488991 0.012306 0.020481
2 0.451796 0.714984 0.006546 0.021878
2 0.458604 0.715449 0.012306 0.020016
2 0.468161 0.716380 0.012044 0.020947
2 0.477587 0.716148 0.012044 0.020481
2 0.487144 0.717544 0.012830 0.021412
2 0.496701 0.716846 0.012044 0.020947
2 0.506651 0.717311 0.012568 0.020947
2 0.515684 0.718010 0.011783 0.019550
2 0.525372 0.718475 0.011259 0.021412
2 0.534536 0.718941 0.011783 0.022343
2 0.544224 0.719639 0.012830 0.020947
2 0.553781 0.719872 0.012044 0.021412
2 0.563338 0.720802 0.011783 0.021412
2 0.573026 0.720337 0.011783 0.020481
2 0.582059 0.720337 0.012044 0.020481
2 0.592140 0.720337 0.011783 0.021412
2 0.601566 0.721268 0.011259 0.020481
2 0.610992 0.721268 0.012306 0.020481
2 0.620418 0.721733 0.011259 0.020481
2 0.629713 0.721966 0.012044 0.021878
2 0.639663 0.721966 0.011521 0.021878
2 0.648696 0.722432 0.012306 0.020016
2 0.658777 0.723130 0.012044 0.020481
2 0.667941 0.723828 0.011521 0.021878
2 0.677367 0.724061 0.011521 0.022343
2 0.686924 0.724526 0.011783 0.021412
2 0.696350 0.724294 0.012306 0.021878
2 0.705645 0.724526 0.012044 0.022343
2 0.715333 0.724526 0.012044 0.023274
2 0.724759 0.724759 0.012044 0.022809
2 0.733923 0.725923 0.012044 0.022343
2 0.743349 0.726156 0.011521 0.021878
2 0.752775 0.726156 0.011521 0.022809
2 0.762463 0.726854 0.012568 0.022343
2 0.775424 0.488991 0.011783 0.021412
2 0.784850 0.489457 0.011259 0.021412
2 0.794014 0.489922 0.011259 0.022343
2 0.803310 0.490620 0.012568 0.021878
2 0.812736 0.490388 0.012044 0.022343
2 0.821900 0.490388 0.012044 0.021412
2 0.831064 0.490388 0.011521 0.021412
2 0.840490 0.490853 0.012044 0.021412
2 0.849393 0.491784 0.012044 0.021412
2 0.858819 0.492250 0.012044 0.019550
2 0.868245 0.492482 0.012044 0.020016
2 0.876885 0.492948 0.012568 0.020947
2 0.886442 0.493181 0.011783 0.022343
2 0.896261 0.493181 0.012044 0.021412
2 0.905163 0.493646 0.013615 0.020481
2 0.914589 0.494112 0.012044 0.020481
2 0.924146 0.494344 0.011783 0.020016
2 0.933442 0.494810 0.012568 0.021878
2 0.942868 0.495275 0.012568 0.020947
2 0.952948 0.495508 0.012830 0.021412
2 0.962898 0.496206 0.012306 0.020016
2 0.770973 0.726854 0.012830 0.022343
2 0.780923 0.726854 0.012830 0.021412
2 0.790480 0.727087 0.012044 0.022809
2 0.799644 0.727785 0.012568 0.022343
2 0.808939 0.727552 0.012306 0.020947
2 0.818234 0.728250 0.012044 0.020481
2 0.827398 0.727785 0.013092 0.021412
2 0.837348 0.728716 0.012568 0.022343
2 0.845989 0.729181 0.012044 0.022343
2 0.855546 0.729181 0.011783 0.021412
2 0.865103 0.729647 0.012568 0.022343
2 0.873743 0.729414 0.012568 0.022809
2 0.883562 0.729647 0.011783 0.021412
2 0.892988 0.729414 0.011783 0.022809
2 0.902283 0.729879 0.012568 0.020947
2 0.911447 0.730810 0.011521 0.020947
2 0.921266 0.731043 0.011783 0.021412
2 0.931609 0.730810 0.011521 0.020947
2 0.940511 0.732207 0.011521 0.020947
2 0.950461 0.732672 0.012568 0.020947
2 0.959887 0.732672 0.012568 0.020947
0 0.952817 0.548573 0.035086 0.093097
0 0.951508 0.635619 0.031944 0.096821
0 0.952425 0.701252 0.032729 0.052134
0 0.922968 0.525299 0.060746 0.053065
0 0.839312 0.522739 0.059437 0.049807
0 0.754216 0.518317 0.059960 0.050272
0 0.879504 0.698692 0.059698 0.050738
0 0.794538 0.697063 0.058913 0.053065
0 0.709180 0.694503 0.059960 0.051669
0 0.668203 0.515757 0.062317 0.051669
0 0.582321 0.513895 0.060222 0.048876
0 0.623953 0.690546 0.060746 0.053065
0 0.536762 0.688219 0.062317 0.053996
0 0.464888 0.685193 0.032729 0.051669
0 0.466721 0.617232 0.033253 0.096355
0 0.467637 0.530187 0.030897 0.094493
0 0.496439 0.508309 0.059175 0.051669
1 0.495523 0.575106 0.059960 0.096821
1 0.495130 0.663315 0.060222 0.097286
1 0.539118 0.533445 0.060222 0.097286
1 0.538594 0.620491 0.059698 0.095424
1 0.581274 0.579528 0.061793 0.096355
1 0.580619 0.665875 0.062055 0.095890
1 0.624869 0.537634 0.060484 0.097286
1 0.624345 0.624214 0.062055 0.096355
1 0.668203 0.581623 0.060746 0.095890
1 0.666501 0.670297 0.061531 0.096355
1 0.711536 0.539264 0.060484 0.094959
1 0.710489 0.627706 0.060484 0.096821
1 0.752775 0.584648 0.060746 0.098217
1 0.752514 0.672159 0.061793 0.096355
1 0.796240 0.543220 0.059175 0.095424
1 0.795716 0.630499 0.059698 0.097752
1 0.838395 0.587441 0.059698 0.096355
1 0.837479 0.675185 0.059960 0.094959
1 0.880027 0.546013 0.060222 0.094493
1 0.879634 0.632593 0.059437 0.097286
1 0.922314 0.590234 0.059437 0.095424
1 0.922706 0.677512 0.060222 0.094959