2 0.989448 0.398268 0.021104 0.047619
2 0.970779 0.397547 0.025974 0.046176
2 0.950487 0.398268 0.025974 0.044733
2 0.929383 0.396825 0.025974 0.044733
2 0.910714 0.398990 0.022727 0.046176
2 0.890828 0.396825 0.030032 0.044733
2 0.871753 0.398268 0.030844 0.047619
2 0.849432 0.396104 0.028409 0.046176
2 0.831575 0.397547 0.031656 0.046176
2 0.812094 0.396825 0.030032 0.050505
2 0.792208 0.396825 0.030844 0.047619
2 0.770698 0.396104 0.025162 0.051948
2 0.748782 0.396825 0.025162 0.050505
2 0.729302 0.398990 0.025162 0.046176
2 0.709010 0.398990 0.026786 0.046176
2 0.688312 0.397547 0.025974 0.046176
2 0.668831 0.398268 0.030844 0.047619
2 0.647321 0.396825 0.026786 0.047619
2 0.626218 0.397547 0.025162 0.049062
2 0.605925 0.396825 0.023539 0.044733
2 0.585633 0.396825 0.021916 0.044733
2 0.566964 0.396825 0.023539 0.044733
2 0.545860 0.397547 0.030032 0.046176
2 0.527192 0.398268 0.028409 0.044733
2 0.506088 0.396104 0.031656 0.046176
2 0.486201 0.396825 0.029221 0.044733
2 0.465097 0.397547 0.030844 0.049062
2 0.445617 0.398268 0.027597 0.047619
2 0.425731 0.400433 0.030032 0.043290
2 0.404221 0.396825 0.029221 0.047619
2 0.383929 0.398990 0.027597 0.046176
2 0.363636 0.400433 0.025974 0.043290
2 0.342938 0.401154 0.025162 0.041847
2 0.322240 0.401154 0.025974 0.047619
2 0.301542 0.398268 0.028409 0.047619
2 0.282468 0.398990 0.027597 0.046176
2 0.263393 0.399711 0.026786 0.044733
2 0.244318 0.398990 0.025974 0.046176
2 0.224432 0.400433 0.026786 0.043290
2 0.203734 0.399711 0.025974 0.044733
2 0.183847 0.400433 0.026786 0.043290
2 0.166396 0.399711 0.027597 0.044733
2 0.147321 0.400433 0.026786 0.049062
2 0.126218 0.401876 0.026786 0.043290
2 0.107549 0.402597 0.028409 0.044733
2 0.087662 0.400433 0.025974 0.046176
2 0.067370 0.401154 0.029221 0.047619
2 0.047484 0.401876 0.025162 0.049062
2 0.027597 0.401154 0.024351 0.047619
2 0.013799 0.404040 0.017857 0.044733
2 0.008929 0.904040 0.017857 0.046176
2 0.021916 0.901876 0.029221 0.044733
2 0.042208 0.903319 0.029221 0.041847
2 0.063312 0.906205 0.029221 0.047619
2 0.082792 0.906205 0.027597 0.050505
2 0.103084 0.903319 0.029221 0.044733
2 0.122971 0.906205 0.026786 0.044733
2 0.142451 0.904040 0.028409 0.046176
2 0.161526 0.905483 0.027597 0.046176
2 0.182630 0.906205 0.032468 0.047619
2 0.202922 0.905483 0.030844 0.043290
2 0.220779 0.906205 0.025974 0.047619
2 0.242695 0.906926 0.027597 0.046176
2 0.261364 0.906926 0.030844 0.043290
2 0.282062 0.905483 0.030032 0.046176
2 0.300731 0.909091 0.028409 0.050505
2 0.321834 0.906205 0.028409 0.044733
2 0.340097 0.906926 0.029221 0.043290
2 0.362013 0.909091 0.027597 0.044733
2 0.381494 0.908369 0.030844 0.040404
2 0.401380 0.909812 0.030032 0.043290
2 0.423701 0.907648 0.032468 0.044733
2 0.444399 0.908369 0.031656 0.043290
2 0.463068 0.910534 0.030032 0.041847
2 0.483360 0.908369 0.031656 0.040404
2 0.504870 0.913420 0.030844 0.050505
2 0.524351 0.909812 0.030844 0.049062
2 0.544643 0.909091 0.029221 0.044733
2 0.565341 0.909091 0.030032 0.041847
2 0.586851 0.910534 0.032468 0.041847
2 0.606331 0.909091 0.032468 0.041847
2 0.627029 0.909812 0.028409 0.043290
2 0.646916 0.911977 0.029221 0.041847
2 0.663961 0.911977 0.032468 0.044733
2 0.688312 0.909812 0.030844 0.043290
2 0.706981 0.909091 0.027597 0.050505
2 0.728084 0.909091 0.030844 0.050505
2 0.749188 0.909091 0.024351 0.050505
2 0.767857 0.908369 0.029221 0.043290
2 0.788961 0.907648 0.029221 0.044733
2 0.808847 0.907648 0.026786 0.041847
2 0.829951 0.906926 0.028409 0.043290
2 0.849432 0.909091 0.028409 0.047619
2 0.869318 0.909091 0.025974 0.050505
2 0.891640 0.908369 0.028409 0.049062
2 0.913149 0.906926 0.027597 0.049062
2 0.931412 0.908369 0.028409 0.046176
2 0.951705 0.906926 0.026786 0.049062
2 0.973620 0.909091 0.028409 0.044733
2 0.988231 0.909091 0.023538 0.053391
0 0.039773 0.512987 0.073052 0.202020
0 0.037744 0.701299 0.073864 0.217893
0 0.036120 0.830447 0.072240 0.118326
0 0.100649 0.463925 0.126623 0.112554
0 0.277597 0.468254 0.137987 0.106782
0 0.458604 0.463925 0.136364 0.106782
0 0.642451 0.463925 0.135552 0.101010
0 0.826705 0.464646 0.130682 0.111111
0 0.972808 0.463925 0.054383 0.101010
0 0.185471 0.843434 0.133929 0.115440
0 0.367289 0.844877 0.133929 0.121212
0 0.549107 0.844877 0.133929 0.118326
0 0.735795 0.840548 0.135552 0.106782
0 0.922890 0.844156 0.137987 0.111111
1 0.097403 0.608225 0.128247 0.210678
1 0.097808 0.792208 0.135552 0.209235
1 0.186688 0.512987 0.126623 0.210678
1 0.189529 0.699856 0.127435 0.217893
1 0.275162 0.606782 0.128247 0.216450
1 0.274756 0.791486 0.130682 0.216450
1 0.366883 0.517316 0.133117 0.213564
1 0.365666 0.700577 0.132305 0.225108
1 0.456169 0.610390 0.136364 0.229437
1 0.458604 0.800866 0.129870 0.223665
1 0.551136 0.511544 0.136364 0.219336
1 0.553166 0.704906 0.133929 0.233766
1 0.643669 0.606782 0.137987 0.230880
1 0.645698 0.800866 0.137175 0.235209
1 0.737419 0.515873 0.132305 0.219336
1 0.734172 0.702020 0.135552 0.222222
1 0.828734 0.607504 0.129870 0.229437
1 0.831169 0.792929 0.133117 0.227994
1 0.919237 0.512987 0.135552 0.213564
1 0.918831 0.703463 0.131494 0.233766
1 0.969968 0.609668 0.060064 0.210678
1 0.969968 0.791486 0.060064 0.213564