2 0.008793 0.225269 0.017586 0.047298
2 0.026380 0.224467 0.026605 0.045695
2 0.048701 0.226070 0.027056 0.045695
2 0.070797 0.224868 0.027958 0.046497
2 0.092442 0.226070 0.027056 0.045695
2 0.114989 0.225669 0.027056 0.044893
2 0.136634 0.225669 0.027958 0.044893
2 0.158054 0.225269 0.026605 0.045695
2 0.179699 0.225269 0.026605 0.045695
2 0.201344 0.224467 0.025703 0.045695
2 0.223214 0.223665 0.026154 0.047298
2 0.245085 0.224066 0.026605 0.044893
2 0.266730 0.223264 0.028409 0.044893
2 0.289051 0.222062 0.027958 0.045695
2 0.310696 0.222463 0.027056 0.046497
2 0.333920 0.222062 0.028409 0.045695
2 0.356016 0.222062 0.027507 0.044092
2 0.377886 0.221260 0.027056 0.045695
2 0.400658 0.222463 0.027507 0.046497
2 0.422754 0.221661 0.027507 0.044893
2 0.445527 0.221661 0.029762 0.044893
2 0.467623 0.221260 0.027056 0.045695
2 0.490846 0.221260 0.028409 0.045695
2 0.512716 0.222062 0.029762 0.045695
2 0.536391 0.220859 0.028409 0.044893
2 0.006313 0.779622 0.012626 0.048100
2 0.020969 0.778820 0.028409 0.044893
2 0.043516 0.778820 0.027507 0.044893
2 0.064935 0.779221 0.028860 0.045695
2 0.087707 0.779221 0.029311 0.045695
2 0.110480 0.779622 0.028860 0.046497
2 0.132576 0.780423 0.027056 0.044893
2 0.153544 0.780423 0.028409 0.046497
2 0.175640 0.781626 0.028409 0.045695
2 0.197736 0.781225 0.027507 0.046497
2 0.218028 0.782828 0.026605 0.044893
2 0.240350 0.782828 0.027958 0.046497
2 0.262671 0.784031 0.027507 0.045695
2 0.284091 0.784432 0.027958 0.044893
2 0.307314 0.784832 0.027507 0.047298
2 0.328959 0.784432 0.027507 0.046497
2 0.351281 0.785233 0.027958 0.046497
2 0.374053 0.786436 0.028409 0.045695
2 0.396600 0.787237 0.029311 0.047298
2 0.418019 0.788440 0.027958 0.048100
2 0.440792 0.788440 0.028409 0.048100
2 0.463790 0.789242 0.029311 0.048100
2 0.485886 0.788039 0.028409 0.047298
2 0.509109 0.788841 0.028860 0.047298
2 0.531656 0.788841 0.028860 0.048902
2 0.558712 0.222463 0.030664 0.046497
2 0.581259 0.222864 0.027958 0.045695
2 0.604031 0.221661 0.028409 0.044893
2 0.626353 0.222463 0.027958 0.046497
2 0.648900 0.222463 0.028860 0.046497
2 0.671221 0.222463 0.028409 0.046497
2 0.695121 0.222463 0.027507 0.046497
2 0.716766 0.223264 0.027507 0.046497
2 0.739764 0.224066 0.027507 0.044893
2 0.761634 0.224467 0.028860 0.045695
2 0.783956 0.224868 0.028409 0.046497
2 0.805826 0.224868 0.027056 0.046497
2 0.828824 0.225669 0.027056 0.046497
2 0.850244 0.226070 0.027507 0.047298
2 0.873016 0.227273 0.027958 0.044893
2 0.895337 0.226872 0.028409 0.045695
2 0.917208 0.226872 0.027958 0.045695
2 0.939980 0.227273 0.029311 0.046497
2 0.963654 0.227273 0.029762 0.048100
2 0.554203 0.790444 0.029762 0.047298
2 0.577652 0.789242 0.027958 0.048100
2 0.599747 0.790043 0.027958 0.048100
2 0.622294 0.790444 0.028860 0.047298
2 0.646645 0.790444 0.028860 0.048902
2 0.667839 0.789642 0.029762 0.045695
2 0.690611 0.790845 0.030213 0.048100
2 0.713384 0.789242 0.027958 0.046497
2 0.736833 0.790043 0.028860 0.046497
2 0.757576 0.790444 0.028860 0.047298
2 0.780348 0.790444 0.028409 0.048902
2 0.802444 0.790043 0.028409 0.048100
2 0.824766 0.790043 0.027056 0.049703
2 0.846861 0.789242 0.027958 0.048100
2 0.869408 0.788039 0.027056 0.047298
2 0.892406 0.789642 0.028860 0.048902
2 0.915404 0.789242 0.027958 0.048100
2 0.937500 0.790845 0.028860 0.048100
2 0.960723 0.790444 0.027507 0.047298
0 0.938402 0.352734 0.070346 0.223665
0 0.938627 0.559564 0.073503 0.222062
0 0.939078 0.715087 0.074405 0.119448
0 0.872114 0.299022 0.140693 0.113035
0 0.769977 0.716290 0.139340 0.118647
0 0.667388 0.295414 0.143398 0.117043
0 0.563672 0.714687 0.143398 0.117043
0 0.462437 0.295014 0.144751 0.114638
0 0.359172 0.714687 0.136634 0.117043
0 0.259515 0.296617 0.138438 0.114638
0 0.159632 0.708674 0.136183 0.116242
0 0.065837 0.297419 0.131674 0.114638
0 0.015557 0.712682 0.031114 0.098605
1 0.015106 0.348325 0.030212 0.189194
1 0.014655 0.551146 0.029310 0.192400
1 0.065161 0.450938 0.130321 0.216450
1 0.064484 0.655764 0.128968 0.218855
1 0.160759 0.349527 0.134830 0.214045
1 0.160534 0.552750 0.135281 0.218054
1 0.259515 0.451339 0.139340 0.222062
1 0.258838 0.657768 0.137085 0.216450
1 0.360525 0.349126 0.139340 0.221260
1 0.360074 0.557159 0.139340 0.225269
1 0.461986 0.452140 0.142045 0.228475
1 0.462437 0.662578 0.140242 0.222864
1 0.566153 0.349527 0.142045 0.223665
1 0.566153 0.558361 0.142045 0.227674
1 0.667839 0.453744 0.141595 0.220459
1 0.667388 0.662578 0.144300 0.222864
1 0.770202 0.350329 0.138889 0.222062
1 0.770427 0.557560 0.140242 0.218054
1 0.871438 0.455347 0.137536 0.217252
1 0.871212 0.662578 0.139791 0.221260