0 0.405844 0.031328 0.046138 0.062656
0 0.410330 0.132908 0.056818 0.175439
0 0.409475 0.254804 0.055964 0.095694
0 0.542208 0.252829 0.112554 0.091745
0 0.701028 0.248196 0.114177 0.093314
0 0.858259 0.247234 0.110457 0.093314
1 0.462392 0.070467 0.112013 0.140933
1 0.540043 0.030063 0.095238 0.060125
1 0.698593 0.028139 0.093074 0.056277
1 0.854539 0.027177 0.092194 0.054353
1 0.462662 0.212121 0.114719 0.173160
1 0.542478 0.129870 0.115260 0.172198
1 0.700758 0.127946 0.114719 0.172198
1 0.858563 0.126022 0.113231 0.172198
1 0.622294 0.210197 0.111472 0.177008
1 0.622294 0.070948 0.119048 0.141895
1 0.778409 0.068062 0.112013 0.136123
1 0.779762 0.207792 0.112554 0.170274
2 0.385281 0.313612 0.012987 0.037518
2 0.397093 0.312725 0.020039 0.036977
2 0.414342 0.312725 0.020546 0.036977
2 0.432731 0.311598 0.020292 0.038330
2 0.450233 0.311147 0.020800 0.039232
2 0.468116 0.310922 0.020546 0.038781
2 0.486252 0.310922 0.020292 0.037879
2 0.503627 0.310696 0.021053 0.037428
2 0.521383 0.310471 0.021053 0.036977
2 0.538885 0.309569 0.022068 0.036977
2 0.556641 0.309569 0.022575 0.036977
2 0.573889 0.309569 0.022575 0.036977
2 0.591518 0.308216 0.022321 0.035173
2 0.609654 0.307765 0.021560 0.036977
2 0.627156 0.307314 0.023082 0.035173
2 0.645419 0.307089 0.022575 0.035624
2 0.662975 0.305607 0.021452 0.039167
2 0.680659 0.304061 0.020872 0.036075
2 0.698052 0.306122 0.020872 0.040198
2 0.715735 0.306122 0.022611 0.040198
2 0.733998 0.306122 0.023191 0.038136
2 0.750812 0.306122 0.024351 0.036075
2 0.768495 0.306122 0.026090 0.040198
2 0.786468 0.306122 0.026090 0.038136
2 0.801832 0.305607 0.025510 0.037106
2 0.819225 0.306122 0.023191 0.038136
2 0.835169 0.304576 0.027250 0.039167
2 0.854012 0.305607 0.024351 0.035044
2 0.873145 0.305607 0.023191 0.041229
2 0.889276 0.302181 0.022441 0.038197
2 0.905032 0.302606 0.024351 0.039046
2 0.923415 0.303030 0.022918 0.039895
2 0.941320 0.303030 0.023396 0.041592
2 0.958031 0.302181 0.026261 0.039895
2 0.977607 0.300059 0.022441 0.037348
2 0.992026 0.300484 0.015947 0.043290
0 0.980418 0.243206 0.039164 0.096200
1 0.936316 0.202922 0.113298 0.180375
1 0.936485 0.067791 0.117018 0.135582
1 0.980418 0.118146 0.039164 0.181578
1 0.987689 0.024200 0.024621 0.048400