2 0.446798 0.604421 0.025826 0.043290
2 0.426690 0.604421 0.026933 0.044602
2 0.406582 0.604093 0.026564 0.045258
2 0.385736 0.603765 0.026195 0.047226
2 0.366367 0.603765 0.025826 0.044602
2 0.346628 0.603437 0.023982 0.043946
2 0.326336 0.604093 0.024720 0.045258
2 0.306597 0.601469 0.026564 0.045258
2 0.286305 0.603437 0.026564 0.046570
2 0.267673 0.601797 0.026933 0.045914
2 0.247196 0.600813 0.025826 0.046570
2 0.227273 0.600485 0.024351 0.045914
2 0.207165 0.598846 0.027671 0.045258
2 0.188349 0.598846 0.026933 0.043946
2 0.170270 0.600157 0.025457 0.042634
2 0.149424 0.599502 0.025826 0.045258
2 0.130239 0.598846 0.025089 0.043946
2 0.111607 0.598518 0.024720 0.044602
2 0.091868 0.598190 0.026564 0.046570
2 0.072867 0.598518 0.025457 0.045914
2 0.052944 0.597534 0.026933 0.046570
2 0.034497 0.597862 0.025457 0.043290
2 0.012729 0.597534 0.025457 0.042634
2 0.003321 0.597534 0.006641 0.043946
0 0.036157 0.665420 0.072314 0.115440
0 0.185950 0.664765 0.122491 0.107569
0 0.366736 0.670668 0.125443 0.106257
0 0.427428 0.720189 0.066042 0.203988
0 0.426874 0.900597 0.066411 0.198806
0 0.273391 0.993080 0.071576 0.013840
0 0.093160 0.991440 0.079324 0.017119
1 0.035235 0.803489 0.070469 0.207923
1 0.034312 0.943559 0.068624 0.112882
1 0.096480 0.711990 0.125812 0.202020
1 0.096849 0.894989 0.126550 0.205956
1 0.186504 0.806113 0.123598 0.205300
1 0.186135 0.942575 0.126550 0.114850
1 0.275974 0.714942 0.124705 0.200052
1 0.275974 0.898924 0.126181 0.195461
1 0.366182 0.810049 0.126550 0.203988
1 0.365813 0.947494 0.130239 0.105011