2 0.009334 0.323954 0.012175 0.036797
2 0.019886 0.323954 0.018669 0.031025
2 0.035106 0.324315 0.018263 0.031746
2 0.049716 0.325036 0.019075 0.030303
2 0.064732 0.324675 0.019886 0.031025
2 0.079140 0.325758 0.019481 0.031746
2 0.094562 0.325758 0.018669 0.030303
2 0.109375 0.325758 0.018263 0.030303
2 0.123377 0.327201 0.018669 0.031746
2 0.139002 0.328283 0.019075 0.032468
2 0.153206 0.328644 0.018263 0.031746
2 0.167817 0.328283 0.017451 0.031025
2 0.181615 0.328644 0.019886 0.030303
2 0.196226 0.327922 0.019886 0.031746
2 0.211648 0.328283 0.019886 0.031025
2 0.225649 0.329004 0.019481 0.029582
2 0.240057 0.329365 0.018263 0.031746
2 0.254870 0.329726 0.018669 0.031025
2 0.269278 0.330808 0.019886 0.030303
2 0.284700 0.329726 0.017451 0.031025
2 0.299513 0.329726 0.019481 0.032468
2 0.313718 0.331169 0.020292 0.032468
2 0.328937 0.330087 0.019075 0.030303
2 0.343750 0.331169 0.018669 0.031025
2 0.358969 0.330087 0.020698 0.030303
2 0.374797 0.330087 0.018263 0.031746
2 0.389002 0.331530 0.018263 0.031746
2 0.404830 0.331169 0.017451 0.032468
2 0.419237 0.332251 0.020292 0.031746
2 0.434862 0.332612 0.018263 0.031025
2 0.450284 0.333333 0.018263 0.032468
2 0.464894 0.333333 0.019075 0.033911
2 0.480114 0.335137 0.018669 0.033189
2 0.495942 0.334416 0.020292 0.031746
2 0.002841 0.700216 0.005682 0.033189
2 0.012581 0.700216 0.017045 0.033189
2 0.027394 0.699495 0.017451 0.030303
2 0.042817 0.699495 0.019075 0.028860
2 0.057630 0.700216 0.019481 0.028860
2 0.072849 0.702020 0.019075 0.029582
2 0.087459 0.701299 0.019075 0.031025
2 0.102070 0.703102 0.019075 0.028860
2 0.117086 0.702020 0.019886 0.028139
2 0.132305 0.702020 0.017045 0.026696
2 0.145901 0.703824 0.018263 0.027417
2 0.161120 0.704545 0.017045 0.030303
2 0.175731 0.704906 0.019481 0.028139
2 0.189123 0.707071 0.017857 0.032468
2 0.204545 0.706710 0.018669 0.033189
2 0.220779 0.707431 0.017045 0.030303
2 0.233969 0.708514 0.017451 0.029582
2 0.249594 0.709596 0.018669 0.030303
2 0.264002 0.708874 0.017451 0.027417
2 0.278612 0.710317 0.019075 0.031746
2 0.294034 0.710678 0.019075 0.031025
2 0.308847 0.712482 0.017857 0.030303
2 0.323255 0.714286 0.018263 0.032468
2 0.339083 0.714286 0.019075 0.031025
2 0.354099 0.713925 0.019075 0.030303
2 0.369318 0.715007 0.017857 0.033911
2 0.384131 0.715007 0.019075 0.032468
2 0.399351 0.713925 0.019481 0.028860
2 0.415179 0.715729 0.017857 0.032468
2 0.429789 0.717893 0.020292 0.032468
2 0.445008 0.717172 0.019075 0.032468
2 0.461039 0.717532 0.015422 0.027417
2 0.475446 0.717172 0.019075 0.029582
2 0.490260 0.718254 0.018669 0.028860
2 0.510552 0.334416 0.019481 0.034632
2 0.526786 0.335137 0.018669 0.034632
2 0.542411 0.333694 0.018263 0.031746
2 0.556818 0.335137 0.019481 0.031746
2 0.572646 0.335859 0.019481 0.031746
2 0.587865 0.336219 0.018263 0.031025
2 0.603084 0.336580 0.019481 0.031746
2 0.617492 0.336941 0.020698 0.032468
2 0.634943 0.337662 0.017451 0.032468
2 0.647930 0.339105 0.019886 0.033911
2 0.663961 0.338384 0.019481 0.033911
2 0.679586 0.339105 0.018263 0.031025
2 0.694602 0.337662 0.019886 0.031025
2 0.709010 0.339827 0.019481 0.033911
2 0.725041 0.340188 0.019886 0.033189
2 0.739854 0.341631 0.018669 0.033189
2 0.754870 0.340909 0.017857 0.031746
2 0.770292 0.342352 0.020292 0.033189
2 0.784700 0.341631 0.019075 0.033189
2 0.800528 0.343795 0.019075 0.033189
2 0.815138 0.343434 0.018263 0.032468
2 0.506088 0.719336 0.021104 0.032468
2 0.520901 0.718975 0.019075 0.031746
2 0.536932 0.721501 0.020292 0.033911
2 0.551745 0.720418 0.019886 0.031746
2 0.567167 0.721140 0.019886 0.033189
2 0.582589 0.722583 0.019886 0.034632
2 0.597606 0.722944 0.019075 0.033911
2 0.613231 0.723304 0.019481 0.031746
2 0.628450 0.722944 0.019075 0.031025
2 0.644075 0.722583 0.019481 0.031746
2 0.659497 0.722583 0.018669 0.031746
2 0.674310 0.723665 0.019075 0.032468
2 0.689529 0.723665 0.019481 0.032468
2 0.705560 0.724387 0.017451 0.031025
2 0.720373 0.725830 0.021104 0.036797
2 0.736404 0.726912 0.020698 0.034632
2 0.751015 0.725469 0.019886 0.033189
2 0.766234 0.726551 0.019481 0.031025
2 0.781656 0.724747 0.019481 0.028860
2 0.796469 0.726912 0.019886 0.034632
2 0.812297 0.727273 0.018263 0.032468
0 0.799716 0.426768 0.049107 0.152958
0 0.798701 0.569986 0.051948 0.149351
0 0.799107 0.675685 0.051948 0.083694
0 0.754261 0.392136 0.093750 0.086580
0 0.616274 0.388167 0.096185 0.080087
0 0.682427 0.677128 0.098620 0.082251
0 0.544034 0.671356 0.095373 0.085137
0 0.475446 0.381674 0.096997 0.084416
0 0.405235 0.668470 0.094562 0.082251
0 0.338677 0.381313 0.096997 0.083694
0 0.267857 0.661616 0.095779 0.082973
0 0.135349 0.655123 0.096997 0.080087
0 0.204343 0.378427 0.096997 0.080808
0 0.074067 0.375180 0.089692 0.081530
0 0.027800 0.410534 0.055600 0.150794
0 0.025365 0.543651 0.050730 0.150072
0 0.024148 0.648990 0.048295 0.086580
1 0.072443 0.477633 0.092127 0.149351
1 0.070211 0.616883 0.094968 0.147908
1 0.138393 0.413059 0.092532 0.147186
1 0.136769 0.548341 0.092532 0.153680
1 0.202922 0.483045 0.094156 0.154401
1 0.202313 0.620491 0.094562 0.152237
1 0.271916 0.415224 0.094156 0.152958
1 0.270292 0.554834 0.091721 0.152237
1 0.339286 0.486652 0.098214 0.154401
1 0.337662 0.625902 0.094968 0.148629
1 0.408279 0.418470 0.096591 0.155123
1 0.406250 0.558081 0.095779 0.160173
1 0.475446 0.489538 0.096997 0.157287
1 0.474635 0.630231 0.096997 0.155844
1 0.546266 0.421717 0.097403 0.152958
1 0.544846 0.563492 0.097808 0.158009
1 0.615666 0.493506 0.097403 0.153680
1 0.613433 0.634921 0.099432 0.158009
1 0.684659 0.424603 0.098214 0.150072
1 0.683442 0.566017 0.097403 0.157287
1 0.752841 0.497835 0.097403 0.153680
1 0.752841 0.638528 0.098214 0.158009