2 0.010372 0.108225 0.020743 0.047298
2 0.028184 0.108626 0.027507 0.046497
2 0.050505 0.109027 0.027958 0.045695
2 0.073728 0.109027 0.027507 0.047298
2 0.095373 0.109027 0.027507 0.045695
2 0.117469 0.109428 0.026605 0.046497
2 0.139340 0.109027 0.027958 0.045695
2 0.161436 0.109428 0.027958 0.046497
2 0.183306 0.109027 0.028409 0.045695
2 0.204951 0.110229 0.027507 0.046497
2 0.226596 0.109828 0.027507 0.044092
2 0.248467 0.107824 0.027056 0.046497
2 0.269886 0.107824 0.029311 0.046497
2 0.291531 0.107423 0.026605 0.044092
2 0.314078 0.107824 0.028409 0.049703
2 0.336174 0.107023 0.026605 0.046497
2 0.357819 0.106622 0.028409 0.045695
2 0.380592 0.106221 0.027958 0.046497
2 0.402462 0.105820 0.028409 0.047298
2 0.424784 0.107023 0.028860 0.046497
2 0.447330 0.105018 0.029762 0.047298
2 0.470328 0.106622 0.027958 0.045695
2 0.492199 0.106622 0.029311 0.047298
2 0.515197 0.106622 0.027507 0.045695
2 0.537293 0.105820 0.027507 0.045695
2 0.008342 0.662578 0.016684 0.046497
2 0.024351 0.664181 0.027958 0.046497
2 0.046672 0.663781 0.027507 0.045695
2 0.068768 0.664582 0.027507 0.047298
2 0.090188 0.663380 0.027958 0.046497
2 0.113185 0.663380 0.026154 0.046497
2 0.134380 0.664983 0.027958 0.044893
2 0.156250 0.665384 0.027507 0.045695
2 0.177670 0.664983 0.027958 0.048100
2 0.200216 0.666586 0.027958 0.046497
2 0.222538 0.666987 0.027507 0.047298
2 0.244408 0.666987 0.027958 0.047298
2 0.266504 0.668591 0.027958 0.047298
2 0.288826 0.668591 0.029311 0.045695
2 0.310696 0.668190 0.027056 0.048100
2 0.332792 0.667789 0.026154 0.047298
2 0.355114 0.669392 0.027507 0.048902
2 0.377435 0.668992 0.027958 0.046497
2 0.400884 0.669793 0.027958 0.046497
2 0.422754 0.668992 0.026605 0.046497
2 0.445527 0.670194 0.027056 0.047298
2 0.467623 0.669793 0.027056 0.044893
2 0.490846 0.670595 0.027507 0.048100
2 0.513618 0.670996 0.026154 0.045695
2 0.536165 0.672198 0.027958 0.044893
2 0.560290 0.107023 0.028409 0.044893
2 0.581935 0.106622 0.027507 0.045695
2 0.604933 0.106622 0.028409 0.045695
2 0.627029 0.106622 0.029311 0.045695
2 0.649802 0.107824 0.027958 0.046497
2 0.671672 0.108225 0.027507 0.047298
2 0.694895 0.107824 0.027056 0.044893
2 0.716991 0.107824 0.027056 0.046497
2 0.739764 0.111432 0.026605 0.045695
2 0.761409 0.111432 0.028409 0.044092
2 0.782828 0.111833 0.029762 0.044893
2 0.805826 0.112233 0.028860 0.044092
2 0.827471 0.113035 0.028860 0.045695
2 0.850469 0.113035 0.027958 0.044092
2 0.872114 0.113436 0.028860 0.044893
2 0.894435 0.113436 0.028409 0.048100
2 0.916982 0.113035 0.027507 0.047298
2 0.939529 0.113035 0.027507 0.045695
2 0.962978 0.113035 0.029311 0.045695
2 0.984984 0.112634 0.030032 0.044893
2 0.558712 0.672198 0.027958 0.048100
2 0.582386 0.671797 0.028409 0.047298
2 0.604257 0.672198 0.027958 0.046497
2 0.626127 0.673401 0.029311 0.047298
2 0.648674 0.672198 0.031115 0.044893
2 0.672123 0.673802 0.029311 0.049703
2 0.694895 0.673000 0.028860 0.049703
2 0.718570 0.672198 0.028409 0.044893
2 0.739764 0.673401 0.027507 0.048902
2 0.763212 0.672599 0.027507 0.047298
2 0.785534 0.673802 0.027958 0.048100
2 0.807404 0.673000 0.027507 0.048100
2 0.828373 0.673000 0.027056 0.046497
2 0.850694 0.673000 0.026605 0.048100
2 0.873241 0.672599 0.026605 0.047298
2 0.895788 0.672198 0.028409 0.044893
2 0.917659 0.673000 0.028860 0.046497
2 0.939529 0.672599 0.028409 0.042488
2 0.962302 0.673000 0.029762 0.046497
2 0.985435 0.671797 0.029130 0.044092
0 0.955898 0.187991 0.088203 0.123457
0 0.886319 0.598846 0.142045 0.116242
0 0.682269 0.599246 0.147006 0.120250
0 0.780123 0.184784 0.138889 0.118647
0 0.577201 0.178371 0.143398 0.118647
0 0.475740 0.597643 0.140693 0.115440
0 0.372700 0.179974 0.140242 0.117043
0 0.174288 0.181578 0.138438 0.115440
0 0.021870 0.180375 0.043740 0.114638
0 0.074179 0.592031 0.137536 0.115440
0 0.273494 0.594036 0.140242 0.114638
1 0.023674 0.332291 0.047348 0.218054
1 0.022096 0.537518 0.044192 0.222864
1 0.074630 0.234889 0.137536 0.217252
1 0.075532 0.437310 0.137536 0.219657
1 0.173837 0.336300 0.135732 0.222864
1 0.172258 0.537919 0.137987 0.220459
1 0.273945 0.232884 0.138438 0.219657
1 0.273719 0.439715 0.137987 0.221260
1 0.373602 0.335498 0.142045 0.226070
1 0.373151 0.542729 0.140242 0.223665
1 0.475514 0.230079 0.140242 0.223665
1 0.476641 0.438913 0.142496 0.226070
1 0.578553 0.337101 0.141595 0.226070
1 0.578328 0.543931 0.141144 0.214847
1 0.679338 0.232884 0.139340 0.222864
1 0.681593 0.441719 0.141144 0.223665
1 0.780799 0.337502 0.139340 0.222062
1 0.882260 0.239699 0.138438 0.223665
1 0.882937 0.442520 0.139791 0.223665
1 0.956575 0.341110 0.086850 0.218054
1 0.957026 0.547940 0.085948 0.216450