2 0.009311 0.082336 0.018621 0.048383
2 0.026977 0.083185 0.027215 0.046685
2 0.051089 0.083609 0.027693 0.045837
2 0.073052 0.084458 0.027693 0.047534
2 0.096209 0.084458 0.026261 0.049232
2 0.118411 0.085307 0.027693 0.047534
2 0.141091 0.084458 0.029125 0.047534
2 0.163054 0.084882 0.029125 0.044988
2 0.185017 0.084882 0.027215 0.046685
2 0.207697 0.084882 0.028648 0.050081
2 0.229899 0.084882 0.027215 0.048383
2 0.251862 0.083609 0.028170 0.045837
2 0.274064 0.083609 0.028648 0.049232
2 0.296266 0.083185 0.028170 0.046685
2 0.319184 0.082760 0.028170 0.047534
2 0.342103 0.080638 0.028170 0.048383
2 0.364305 0.080638 0.028648 0.048383
2 0.386984 0.080214 0.029125 0.047534
2 0.409186 0.080638 0.028648 0.048383
2 0.433060 0.081487 0.027693 0.048383
2 0.455739 0.080214 0.029125 0.047534
2 0.478180 0.080214 0.028170 0.047534
2 0.501576 0.079365 0.028170 0.045837
2 0.524016 0.079365 0.028170 0.047534
2 0.547651 0.079789 0.028648 0.046685
2 0.570092 0.079789 0.029603 0.046685
2 0.007878 0.651048 0.015756 0.048383
2 0.024112 0.651048 0.028170 0.046685
2 0.046075 0.651897 0.027215 0.046685
2 0.068755 0.652746 0.027693 0.046685
2 0.091434 0.652746 0.028170 0.046685
2 0.112920 0.652322 0.027215 0.049232
2 0.136077 0.653595 0.028648 0.048383
2 0.157563 0.653170 0.028648 0.047534
2 0.180243 0.654019 0.028170 0.049232
2 0.202445 0.654019 0.027693 0.047534
2 0.224408 0.654444 0.028648 0.048383
2 0.246849 0.654868 0.030558 0.047534
2 0.268573 0.655292 0.029125 0.048383
2 0.291492 0.655717 0.028170 0.045837
2 0.313455 0.656141 0.028170 0.048383
2 0.336373 0.656990 0.029125 0.046685
2 0.359530 0.657839 0.027693 0.048383
2 0.382926 0.658263 0.028648 0.049232
2 0.405844 0.657414 0.027693 0.049232
2 0.427807 0.658263 0.028648 0.047534
2 0.451919 0.658263 0.029125 0.050929
2 0.475554 0.659112 0.028648 0.047534
2 0.497995 0.660810 0.026738 0.047534
2 0.520913 0.659961 0.024828 0.045837
2 0.544309 0.660385 0.027693 0.050081
2 0.567466 0.659112 0.027215 0.049232
2 0.593249 0.080638 0.029125 0.046685
2 0.616406 0.081063 0.026738 0.047534
2 0.640040 0.080638 0.027215 0.046685
2 0.662958 0.081487 0.027215 0.048383
2 0.685399 0.082760 0.027215 0.047534
2 0.708556 0.081912 0.026738 0.047534
2 0.731474 0.082760 0.027693 0.047534
2 0.754393 0.083609 0.028648 0.047534
2 0.776117 0.084034 0.029125 0.046685
2 0.799513 0.085307 0.027215 0.047534
2 0.822431 0.085307 0.026261 0.047534
2 0.844633 0.085731 0.028648 0.048383
2 0.867552 0.086156 0.027693 0.049232
2 0.890231 0.086156 0.029125 0.050929
2 0.912672 0.086156 0.027215 0.049232
2 0.937023 0.085731 0.029125 0.046685
2 0.960180 0.085731 0.028648 0.048383
2 0.984387 0.083185 0.031226 0.050081
2 0.590623 0.660385 0.027693 0.050081
2 0.613302 0.660810 0.029125 0.050929
2 0.636698 0.659537 0.030080 0.048383
2 0.661049 0.661234 0.027215 0.048383
2 0.683251 0.661234 0.028648 0.050081
2 0.706169 0.661659 0.027693 0.049232
2 0.729803 0.661234 0.029125 0.048383
2 0.752483 0.661659 0.027693 0.047534
2 0.775401 0.662083 0.027693 0.050081
2 0.797603 0.662083 0.028170 0.048383
2 0.820044 0.660810 0.028170 0.049232
2 0.842485 0.661234 0.029125 0.050081
2 0.865164 0.660385 0.027693 0.048383
2 0.888321 0.661234 0.027215 0.050081
2 0.910762 0.661659 0.028170 0.049232
2 0.933442 0.660385 0.029603 0.050081
2 0.957076 0.662083 0.029125 0.048383
2 0.981427 0.662507 0.030080 0.047534
0 0.943564 0.157881 0.112872 0.123080
0 0.854183 0.585689 0.142284 0.121382
0 0.996562 0.215601 0.006875 0.055174
0 0.995369 0.429081 0.009262 0.072999
0 0.751050 0.157457 0.142284 0.117138
0 0.647918 0.584416 0.146104 0.117138
0 0.543592 0.156608 0.144672 0.120533
0 0.437834 0.582718 0.144194 0.115440
0 0.333508 0.155335 0.141807 0.112894
0 0.131541 0.157033 0.141807 0.114591
0 0.231092 0.580171 0.138464 0.117138
0 0.049656 0.575927 0.099312 0.117138
1 0.050134 0.210508 0.100267 0.224938
1 0.050611 0.419319 0.101222 0.223241
1 0.132019 0.316187 0.138942 0.222392
1 0.130586 0.526696 0.139897 0.224090
1 0.232525 0.211357 0.139419 0.221543
1 0.232047 0.419744 0.138464 0.224090
1 0.334463 0.315763 0.142762 0.223241
1 0.333270 0.527544 0.142284 0.222392
1 0.438073 0.207962 0.142762 0.231729
1 0.437595 0.421441 0.144672 0.227485
1 0.541683 0.314065 0.146581 0.228334
1 0.541683 0.528818 0.144672 0.228334
1 0.647202 0.210084 0.143717 0.225787
1 0.647202 0.422290 0.145626 0.230880
1 0.751289 0.317460 0.141807 0.224938
1 0.752244 0.530515 0.142762 0.226636
1 0.854183 0.213055 0.140374 0.228334
1 0.854421 0.425685 0.139897 0.227485
1 0.942848 0.320431 0.114304 0.224090
1 0.944041 0.531364 0.111917 0.219846