2 0.477751 0.498205 0.003954 0.012580
2 0.482330 0.497835 0.008949 0.014060
2 0.489094 0.498205 0.008325 0.014060
2 0.495338 0.498205 0.008325 0.014060
2 0.501686 0.498205 0.008117 0.013320
2 0.508138 0.498205 0.008533 0.013320
2 0.514277 0.498205 0.008741 0.014060
2 0.521041 0.498760 0.008117 0.013690
2 0.527077 0.498945 0.008533 0.014060
2 0.533633 0.498575 0.008325 0.013320
2 0.540293 0.498945 0.007909 0.014060
2 0.546537 0.499315 0.007909 0.014060
2 0.553093 0.499315 0.008533 0.013320
2 0.559336 0.499500 0.008533 0.013690
2 0.565892 0.499685 0.008325 0.012580
2 0.572344 0.499685 0.008741 0.013320
2 0.578588 0.499870 0.008325 0.013690
2 0.585144 0.500241 0.008533 0.013690
2 0.591492 0.500426 0.008325 0.014060
2 0.597840 0.500056 0.008533 0.013320
2 0.604292 0.500611 0.008533 0.014430
2 0.610639 0.500426 0.008325 0.014060
2 0.617195 0.500981 0.008117 0.012950
2 0.623543 0.500796 0.008325 0.014060
2 0.629891 0.500426 0.007701 0.014060
2 0.636447 0.500796 0.008325 0.013320
2 0.642899 0.500796 0.007909 0.013320
2 0.649247 0.500796 0.007701 0.013320
2 0.655594 0.500981 0.007909 0.012950
2 0.661838 0.501166 0.008325 0.013320
2 0.668290 0.501351 0.007909 0.013690
2 0.674534 0.501536 0.007909 0.014060
2 0.680986 0.501351 0.007909 0.012950
2 0.687542 0.501721 0.008117 0.012950
2 0.693785 0.501536 0.008117 0.013320
2 0.700445 0.501721 0.008117 0.013690
2 0.706481 0.501906 0.008533 0.013320
2 0.712933 0.501721 0.008533 0.013690
2 0.719593 0.501906 0.008117 0.013320
2 0.476190 0.658971 0.004163 0.012950
2 0.480145 0.659711 0.008741 0.015170
2 0.486389 0.659341 0.008325 0.013690
2 0.492945 0.659526 0.008533 0.014800
2 0.499500 0.659711 0.008325 0.014430
2 0.505848 0.659526 0.008533 0.013320
2 0.512196 0.660081 0.008325 0.012950
2 0.518856 0.659896 0.008325 0.014060
2 0.525308 0.659896 0.008325 0.014060
2 0.531552 0.660081 0.008741 0.013690
2 0.537900 0.660451 0.008949 0.013690
2 0.544456 0.660081 0.008325 0.013690
2 0.550907 0.660081 0.008325 0.013690
2 0.557255 0.660266 0.008533 0.013320
2 0.563707 0.660636 0.008533 0.014060
2 0.570367 0.660266 0.008117 0.013320
2 0.576507 0.661006 0.008325 0.014800
2 0.582855 0.660821 0.008117 0.013690
2 0.589515 0.660821 0.008949 0.013690
2 0.595862 0.661006 0.008325 0.013320
2 0.602418 0.661006 0.008949 0.013320
2 0.608870 0.661561 0.008949 0.014430
2 0.614906 0.661376 0.008533 0.014060
2 0.621878 0.661376 0.007909 0.014800
2 0.628018 0.661191 0.008117 0.013690
2 0.634470 0.661746 0.008533 0.014060
2 0.640713 0.661746 0.008533 0.014060
2 0.647165 0.661931 0.008533 0.014430
2 0.653825 0.661746 0.008117 0.014800
2 0.659861 0.662116 0.008533 0.014060
2 0.666729 0.662116 0.008533 0.014060
2 0.673181 0.662671 0.008949 0.014430
2 0.679008 0.663041 0.008949 0.014430
2 0.685564 0.662671 0.008741 0.013690
2 0.692224 0.662116 0.008741 0.014060
2 0.698364 0.662671 0.008117 0.013690
2 0.704608 0.663041 0.008533 0.013690
2 0.711164 0.662671 0.008325 0.012950
2 0.717720 0.663411 0.008117 0.014430
2 0.725629 0.502461 0.008533 0.013690
2 0.732080 0.502091 0.008533 0.013690
2 0.738220 0.502276 0.008741 0.013320
2 0.744672 0.502276 0.008741 0.014060
2 0.751228 0.502831 0.008949 0.014430
2 0.757576 0.502646 0.008325 0.014060
2 0.764028 0.502646 0.008741 0.014060
2 0.769855 0.502831 0.009158 0.014430
2 0.776203 0.503016 0.008533 0.013320
2 0.782863 0.503016 0.008117 0.013320
2 0.789003 0.503201 0.007909 0.013690
2 0.795246 0.503386 0.008325 0.014060
2 0.801698 0.503571 0.008325 0.012950
2 0.807734 0.503386 0.007909 0.014060
2 0.814186 0.503386 0.007909 0.014800
2 0.820430 0.503756 0.007909 0.014060
2 0.723964 0.663411 0.008533 0.014430
2 0.730311 0.662856 0.008741 0.014060
2 0.736763 0.662856 0.008741 0.014060
2 0.742903 0.663411 0.008117 0.013690
2 0.749251 0.663411 0.008325 0.013690
2 0.755390 0.663596 0.008533 0.014060
2 0.762155 0.663226 0.007909 0.014060
2 0.768294 0.663411 0.008117 0.014430
2 0.774642 0.663781 0.008741 0.015170
2 0.780782 0.663966 0.008117 0.014800
2 0.787234 0.663411 0.008533 0.012950
2 0.793477 0.663596 0.008117 0.013320
2 0.800137 0.663781 0.008533 0.014430
2 0.806173 0.664151 0.008533 0.014430
2 0.812417 0.663781 0.008117 0.013690
2 0.819181 0.663781 0.007909 0.013690
0 0.813353 0.539091 0.021645 0.066230
0 0.813666 0.597736 0.020188 0.065860
0 0.812937 0.642691 0.021229 0.035150
0 0.795559 0.523736 0.039752 0.034040
0 0.765068 0.641951 0.039960 0.034410
0 0.737804 0.522996 0.041209 0.034040
0 0.707730 0.642136 0.040168 0.034040
0 0.679529 0.522071 0.041209 0.034410
0 0.621566 0.522256 0.040584 0.034780
0 0.649455 0.640841 0.040168 0.035150
0 0.591388 0.639916 0.039752 0.032560
0 0.563083 0.521146 0.042249 0.034780
0 0.533425 0.639731 0.041209 0.035150
0 0.506161 0.519111 0.039544 0.033670
0 0.485452 0.534466 0.022269 0.063640
0 0.484515 0.593296 0.022061 0.065120
0 0.484515 0.636956 0.022061 0.037000
1 0.504704 0.563881 0.041625 0.065490
1 0.504496 0.623266 0.040376 0.065120
1 0.533841 0.535391 0.040376 0.064750
1 0.533737 0.594036 0.040584 0.065860
1 0.562562 0.564991 0.041209 0.064750
1 0.562354 0.624746 0.041209 0.065120
1 0.592428 0.536316 0.040584 0.065120
1 0.592012 0.595146 0.040584 0.064380
1 0.621358 0.565731 0.041001 0.065490
1 0.620629 0.624931 0.041625 0.063270
1 0.650495 0.537426 0.041001 0.063640
1 0.649871 0.596626 0.041417 0.065120
1 0.678904 0.566101 0.040793 0.066230
1 0.678696 0.625856 0.040376 0.065860
1 0.708250 0.537796 0.040376 0.065860
1 0.707834 0.596626 0.041625 0.065120
1 0.737388 0.567396 0.040793 0.064380
1 0.736867 0.626781 0.040584 0.064750
1 0.766109 0.538351 0.039960 0.063270
1 0.765589 0.597736 0.040168 0.064380
1 0.794310 0.568321 0.039752 0.064010
1 0.793894 0.628076 0.039752 0.063640