2 0.315414 0.377030 0.006036 0.018870
2 0.322074 0.376660 0.011447 0.019610
2 0.331127 0.376845 0.011239 0.019980
2 0.339660 0.376660 0.011239 0.018870
2 0.349026 0.377215 0.011655 0.019240
2 0.358079 0.377215 0.011031 0.019240
2 0.367445 0.377585 0.011863 0.018500
2 0.375978 0.377585 0.011447 0.019240
2 0.385240 0.377770 0.011655 0.019610
2 0.394293 0.377955 0.011447 0.018500
2 0.403451 0.377955 0.011031 0.018500
2 0.412296 0.378510 0.011239 0.019610
2 0.421454 0.378325 0.011655 0.018500
2 0.430299 0.378695 0.011863 0.018500
2 0.439352 0.378510 0.011655 0.018870
2 0.448406 0.378880 0.011447 0.018870
2 0.457667 0.379435 0.011239 0.019240
2 0.466825 0.379990 0.011239 0.019610
2 0.475774 0.380175 0.010823 0.019980
2 0.484828 0.379990 0.011447 0.018870
2 0.493673 0.380360 0.011655 0.019610
2 0.502935 0.380545 0.011447 0.018500
2 0.511884 0.380360 0.011031 0.019610
2 0.521354 0.380360 0.011655 0.018870
2 0.530095 0.380730 0.012071 0.018130
2 0.539252 0.380915 0.011239 0.019240
2 0.548514 0.380730 0.011863 0.018870
2 0.557671 0.381285 0.011031 0.018500
2 0.312188 0.603841 0.004995 0.018130
2 0.317911 0.604396 0.011447 0.019240
2 0.326757 0.604211 0.011655 0.018870
2 0.335914 0.604581 0.011655 0.019610
2 0.344863 0.604951 0.011655 0.018870
2 0.353605 0.605136 0.011655 0.019980
2 0.362970 0.605691 0.011655 0.019610
2 0.371712 0.605876 0.011655 0.019240
2 0.380869 0.606061 0.011239 0.018870
2 0.390547 0.606061 0.010198 0.018130
2 0.399392 0.606616 0.011655 0.019240
2 0.408134 0.606616 0.011655 0.018500
2 0.417395 0.606801 0.011447 0.019610
2 0.426240 0.606801 0.011655 0.019610
2 0.435398 0.606986 0.011655 0.019240
2 0.444555 0.607171 0.011655 0.019610
2 0.453609 0.607541 0.011031 0.019610
2 0.462766 0.607726 0.011447 0.019240
2 0.472132 0.608096 0.011447 0.019980
2 0.481081 0.608096 0.011447 0.019240
2 0.490551 0.608096 0.011239 0.019240
2 0.499084 0.608096 0.011239 0.019240
2 0.508242 0.608651 0.011655 0.019610
2 0.517607 0.608466 0.011239 0.018500
2 0.526349 0.608651 0.011239 0.020350
2 0.535922 0.608651 0.011239 0.019610
2 0.544768 0.609576 0.011447 0.019980
2 0.553925 0.609576 0.011031 0.018500
2 0.566621 0.381285 0.011863 0.019240
2 0.575570 0.381655 0.011447 0.019240
2 0.584936 0.381840 0.011863 0.018870
2 0.593781 0.381655 0.011239 0.019240
2 0.602939 0.381840 0.012071 0.018130
2 0.611888 0.382395 0.011239 0.018500
2 0.621254 0.382395 0.012488 0.018500
2 0.630203 0.382210 0.011655 0.018870
2 0.639465 0.382395 0.011447 0.019980
2 0.648310 0.382950 0.011239 0.018870
2 0.657676 0.383320 0.011655 0.018870
2 0.666833 0.382950 0.011655 0.018870
2 0.676095 0.383690 0.011031 0.019610
2 0.684940 0.383690 0.011239 0.018870
2 0.693889 0.383875 0.011239 0.019240
2 0.703255 0.384060 0.011239 0.018870
2 0.712100 0.384615 0.011447 0.019240
2 0.721258 0.384430 0.011863 0.018870
2 0.730519 0.384615 0.012071 0.019240
2 0.739261 0.384985 0.011239 0.018500
2 0.748314 0.385355 0.011447 0.019240
2 0.757576 0.385355 0.011239 0.019240
2 0.766109 0.385910 0.011655 0.018870
2 0.775475 0.386095 0.012071 0.019980
2 0.784216 0.386280 0.011239 0.018870
2 0.793269 0.386465 0.010614 0.019980
2 0.802219 0.386835 0.011863 0.019240
2 0.563187 0.609761 0.010823 0.019610
2 0.572761 0.610131 0.011239 0.019610
2 0.581190 0.610316 0.012279 0.019240
2 0.590555 0.610686 0.011447 0.018500
2 0.599921 0.610501 0.011447 0.019610
2 0.608454 0.610871 0.012696 0.019610
2 0.617716 0.610501 0.011239 0.018870
2 0.627081 0.611241 0.011655 0.019610
2 0.636031 0.611611 0.011655 0.021090
2 0.645396 0.611611 0.012071 0.019610
2 0.654346 0.612166 0.011655 0.019980
2 0.663399 0.612166 0.011447 0.018500
2 0.672869 0.612351 0.011239 0.018870
2 0.681922 0.612351 0.011863 0.019610
2 0.690559 0.612166 0.011655 0.019240
2 0.699717 0.612906 0.012071 0.019980
2 0.708979 0.613091 0.011447 0.019610
2 0.718240 0.613461 0.011655 0.020350
2 0.727085 0.613276 0.011031 0.019980
2 0.736139 0.613461 0.011655 0.020350
2 0.745400 0.613831 0.011447 0.020350
2 0.754350 0.613091 0.011447 0.019610
2 0.763299 0.613461 0.011447 0.019610
2 0.772457 0.614201 0.011447 0.019610
2 0.781510 0.614016 0.011239 0.019980
2 0.790564 0.614386 0.011863 0.019240
2 0.799617 0.614386 0.012071 0.019980
0 0.792541 0.437525 0.028305 0.088060
0 0.792020 0.520776 0.029346 0.090280
0 0.790876 0.584231 0.029970 0.048470
0 0.722715 0.583491 0.058899 0.049210
0 0.765901 0.415140 0.056610 0.046990
0 0.683795 0.413290 0.057651 0.046250
0 0.640089 0.582381 0.058899 0.046990
0 0.600962 0.412180 0.057651 0.046250
0 0.557255 0.580531 0.057651 0.046250
0 0.474630 0.578496 0.057651 0.045880
0 0.392212 0.576276 0.057234 0.047360
0 0.518128 0.410515 0.058067 0.048100
0 0.435606 0.407555 0.057443 0.047360
0 0.353917 0.407740 0.055986 0.047730
0 0.326340 0.428090 0.030386 0.090650
0 0.324988 0.510786 0.030178 0.091020
0 0.323947 0.574796 0.029346 0.046620
1 0.354021 0.470085 0.056610 0.090280
1 0.351628 0.553151 0.056402 0.090650
1 0.394293 0.428275 0.056402 0.089540
1 0.393565 0.513376 0.056194 0.091760
1 0.434982 0.471750 0.058275 0.091390
1 0.434045 0.555741 0.056818 0.089910
1 0.476295 0.430680 0.057651 0.089910
1 0.476086 0.514116 0.058483 0.089540
1 0.517191 0.473415 0.057859 0.091020
1 0.516151 0.557776 0.057443 0.089540
1 0.559024 0.431605 0.057859 0.090280
1 0.558088 0.516521 0.058067 0.091390
1 0.600233 0.475450 0.057859 0.090650
1 0.599401 0.559626 0.057859 0.090280
1 0.642170 0.433085 0.056818 0.090280
1 0.641234 0.517631 0.057859 0.090650
1 0.683275 0.476745 0.056610 0.089540
1 0.681714 0.560921 0.057234 0.089910
1 0.724588 0.435305 0.057234 0.089540
1 0.723547 0.520406 0.056402 0.091020
1 0.764756 0.478780 0.056402 0.090650
1 0.764444 0.562586 0.056610 0.089540