2 0.324472 0.454545 0.023945 0.044012
2 0.302963 0.454185 0.024756 0.044733
2 0.282873 0.454545 0.022727 0.041126
2 0.265625 0.455988 0.026380 0.044012
2 0.244927 0.454545 0.026380 0.044012
2 0.226461 0.454545 0.026786 0.044012
2 0.206778 0.453463 0.026380 0.046176
2 0.187500 0.454545 0.025162 0.044012
2 0.167614 0.454545 0.027597 0.042569
2 0.149756 0.454185 0.025974 0.046176
2 0.129464 0.454185 0.026786 0.047619
2 0.110187 0.453102 0.024756 0.042569
2 0.091721 0.452381 0.027597 0.044012
2 0.070617 0.453102 0.026786 0.041126
2 0.052760 0.453463 0.025162 0.041847
2 0.032468 0.452742 0.028409 0.043290
2 0.014610 0.451299 0.027597 0.043290
2 0.003044 0.452742 0.006088 0.044733
2 0.321631 0.959235 0.028003 0.047619
2 0.299919 0.957071 0.025162 0.043290
2 0.280844 0.957071 0.026786 0.043290
2 0.261364 0.955988 0.025162 0.044012
2 0.241883 0.953102 0.025162 0.039683
2 0.221591 0.953824 0.025974 0.039683
2 0.201907 0.953102 0.026380 0.041126
2 0.183239 0.953463 0.027192 0.043290
2 0.162946 0.950216 0.026380 0.039683
2 0.143060 0.953102 0.025568 0.044012
2 0.122565 0.950577 0.025974 0.043290
2 0.103896 0.952020 0.025974 0.041847
2 0.085024 0.951659 0.023945 0.042569
2 0.063920 0.953102 0.023133 0.041126
2 0.044846 0.953102 0.024756 0.044012
2 0.024756 0.953463 0.027597 0.046176
2 0.008117 0.951659 0.016234 0.045455
0 0.068791 0.517316 0.125406 0.104618
0 0.245536 0.518759 0.127435 0.106061
0 0.304992 0.568182 0.065341 0.203463
0 0.303369 0.752525 0.064529 0.204185
0 0.301948 0.891053 0.065747 0.113276
0 0.154627 0.885642 0.124188 0.109668
0 0.017451 0.887085 0.034902 0.106782
1 0.021307 0.561688 0.042614 0.194805
1 0.020089 0.747475 0.040178 0.205628
1 0.067979 0.652958 0.125406 0.201299
1 0.065950 0.839105 0.125406 0.211400
1 0.157873 0.746753 0.127435 0.208514
1 0.157265 0.567460 0.124594 0.203463
1 0.244927 0.658369 0.125406 0.203463
1 0.244115 0.847042 0.124594 0.212843