2 0.346931 0.503654 0.006808 0.021878
2 0.353215 0.503189 0.012568 0.020016
2 0.362380 0.503421 0.011521 0.019550
2 0.371413 0.503654 0.011783 0.021878
2 0.380577 0.503887 0.011783 0.020481
2 0.390265 0.503189 0.011783 0.020016
2 0.399167 0.504585 0.012306 0.020947
2 0.408724 0.504120 0.012044 0.020016
2 0.417758 0.505051 0.011783 0.020947
2 0.427184 0.504352 0.011783 0.020481
2 0.436610 0.503887 0.012306 0.020481
2 0.445512 0.504818 0.010735 0.020481
2 0.454807 0.505283 0.010997 0.021412
2 0.464233 0.505051 0.012044 0.021878
2 0.473528 0.504818 0.012306 0.021412
2 0.482693 0.505516 0.011259 0.020947
2 0.492381 0.505051 0.011259 0.020016
2 0.501414 0.505981 0.012044 0.020947
2 0.510709 0.506680 0.011783 0.021412
2 0.519873 0.505516 0.011783 0.021878
2 0.529037 0.505981 0.011783 0.019085
2 0.538594 0.505981 0.011521 0.020016
2 0.547628 0.506214 0.011783 0.019550
2 0.556923 0.506214 0.012044 0.020481
2 0.566218 0.506214 0.011783 0.020481
2 0.575251 0.505981 0.012044 0.021878
2 0.585332 0.506680 0.011783 0.021412
2 0.594103 0.507145 0.011521 0.020481
2 0.603530 0.506912 0.011521 0.020016
2 0.612694 0.506912 0.011521 0.020947
2 0.621858 0.507378 0.011521 0.020947
2 0.631153 0.506912 0.012306 0.020947
2 0.640317 0.507378 0.011783 0.020016
2 0.650267 0.507843 0.011783 0.020016
2 0.344182 0.735931 0.005499 0.021878
2 0.350466 0.736163 0.011783 0.019550
2 0.359630 0.735931 0.011783 0.020947
2 0.369056 0.736396 0.011783 0.020947
2 0.378351 0.737094 0.012568 0.019550
2 0.387123 0.736862 0.011783 0.021878
2 0.396549 0.737094 0.011783 0.021412
2 0.405975 0.737560 0.011783 0.021412
2 0.414877 0.738258 0.012306 0.020947
2 0.424434 0.738258 0.011521 0.020016
2 0.433599 0.738025 0.012044 0.020481
2 0.443156 0.739189 0.012306 0.021878
2 0.452451 0.738956 0.012568 0.021412
2 0.461353 0.738724 0.012568 0.020947
2 0.471041 0.738956 0.012044 0.020481
2 0.480467 0.738956 0.012044 0.020481
2 0.489500 0.739422 0.011259 0.020481
2 0.499057 0.738724 0.011521 0.020947
2 0.508222 0.739189 0.011521 0.020947
2 0.517517 0.739655 0.011259 0.020947
2 0.527074 0.739887 0.012044 0.020481
2 0.536107 0.739655 0.011783 0.020947
2 0.545271 0.739655 0.011783 0.020016
2 0.554697 0.740586 0.012306 0.020947
2 0.563992 0.740586 0.012568 0.021878
2 0.573157 0.740120 0.012568 0.022809
2 0.582583 0.740818 0.012568 0.021412
2 0.592009 0.740586 0.013092 0.020016
2 0.601042 0.740353 0.012306 0.020481
2 0.610599 0.740586 0.011521 0.021878
2 0.619763 0.741749 0.012568 0.021412
2 0.629320 0.741749 0.012306 0.020481
2 0.638092 0.742448 0.012044 0.021878
2 0.647518 0.741982 0.012044 0.021878
2 0.656944 0.741982 0.012044 0.019085
2 0.666501 0.741982 0.012306 0.022809
2 0.675665 0.741517 0.012306 0.020947
2 0.684698 0.741982 0.011521 0.021878
2 0.694124 0.741517 0.012044 0.020947
2 0.703420 0.742448 0.011783 0.021878
2 0.712584 0.742215 0.011783 0.021412
2 0.721748 0.742215 0.011783 0.022343
2 0.731305 0.742215 0.012044 0.021412
2 0.740207 0.742215 0.011521 0.020481
2 0.749503 0.742680 0.011783 0.020481
2 0.758929 0.742680 0.011783 0.021412
2 0.767569 0.742448 0.011259 0.021878
2 0.777126 0.742215 0.012044 0.021412
2 0.785898 0.742215 0.012306 0.022343
2 0.794931 0.742913 0.012044 0.022809
2 0.804619 0.742680 0.012044 0.022343
2 0.813783 0.741982 0.012044 0.020947
2 0.822424 0.742448 0.012044 0.021878
2 0.831457 0.742215 0.011783 0.024205
2 0.841014 0.742448 0.012044 0.021878
2 0.659431 0.507843 0.011783 0.021878
2 0.668334 0.508309 0.012306 0.020947
2 0.677891 0.507843 0.012568 0.021878
2 0.686662 0.508076 0.012830 0.020481
2 0.696874 0.509007 0.012306 0.021412
2 0.705252 0.509007 0.012306 0.021412
2 0.714678 0.508542 0.011783 0.021412
2 0.723712 0.508774 0.012044 0.020947
2 0.733400 0.508774 0.012044 0.021878
2 0.742826 0.508774 0.012568 0.021878
2 0.751859 0.508309 0.012306 0.020947
2 0.760761 0.508542 0.011783 0.021412
2 0.770187 0.508542 0.011259 0.021412
2 0.779221 0.509473 0.011521 0.020481
2 0.788254 0.509473 0.012830 0.021412
2 0.797549 0.509240 0.012044 0.021878
2 0.806583 0.509007 0.011259 0.019550
2 0.815878 0.509473 0.010997 0.020481
2 0.824649 0.510404 0.012306 0.021412
2 0.833682 0.509473 0.012568 0.020481
2 0.842716 0.509938 0.011783 0.022343
0 0.832635 0.562072 0.029326 0.092166
0 0.832373 0.646558 0.029849 0.092631
0 0.832373 0.711493 0.030897 0.051203
0 0.806190 0.540195 0.057080 0.048410
0 0.763380 0.712424 0.058389 0.049341
0 0.722664 0.539496 0.058651 0.049807
0 0.680378 0.711027 0.058913 0.050272
0 0.638746 0.536936 0.059437 0.051203
0 0.595020 0.710562 0.057866 0.048410
0 0.553519 0.536238 0.058651 0.048876
0 0.510971 0.709398 0.058389 0.049807
0 0.470517 0.535074 0.058127 0.048410
0 0.427053 0.708933 0.058127 0.049807
0 0.386207 0.532980 0.056556 0.048876
0 0.358321 0.556021 0.030111 0.093097
0 0.357405 0.642601 0.031944 0.094028
0 0.356750 0.706140 0.031158 0.049807
1 0.385945 0.599078 0.057080 0.095424
1 0.385683 0.684262 0.059175 0.093562
1 0.427707 0.556487 0.058913 0.093097
1 0.427184 0.642368 0.058913 0.092631
1 0.469601 0.599777 0.059437 0.094028
1 0.469077 0.686357 0.059437 0.093097
1 0.512149 0.559047 0.060222 0.091700
1 0.511364 0.643765 0.059698 0.095424
1 0.553650 0.602104 0.058913 0.095890
1 0.553388 0.687520 0.059960 0.095424
1 0.596067 0.560443 0.059960 0.093562
1 0.595805 0.645161 0.059437 0.095424
1 0.637568 0.602104 0.059175 0.095890
1 0.637830 0.689150 0.059175 0.094959
1 0.680378 0.560909 0.058913 0.091700
1 0.679724 0.645860 0.060222 0.092166
1 0.721748 0.603268 0.059437 0.094493
1 0.721617 0.689848 0.059698 0.097286
1 0.764296 0.561607 0.058127 0.094028
1 0.764034 0.646790 0.058651 0.095890
1 0.805797 0.603500 0.057342 0.093097
1 0.805012 0.689150 0.058389 0.091235