2 0.010894 0.331890 0.021787 0.044809
2 0.030332 0.331890 0.028195 0.044809
2 0.051478 0.331890 0.025205 0.043290
2 0.073266 0.331890 0.026914 0.044809
2 0.094626 0.332270 0.024351 0.041012
2 0.115772 0.332650 0.026487 0.043290
2 0.137560 0.331890 0.026487 0.044809
2 0.158066 0.332270 0.025632 0.045568
2 0.178999 0.331890 0.026487 0.043290
2 0.200359 0.331890 0.026487 0.044809
2 0.221078 0.331511 0.026059 0.044050
2 0.243079 0.331131 0.027341 0.044809
2 0.264012 0.330751 0.027341 0.045568
2 0.285373 0.330371 0.026487 0.044809
2 0.307587 0.331131 0.026487 0.046328
2 0.328947 0.329992 0.026487 0.044050
2 0.350948 0.330371 0.027768 0.047847
2 0.372309 0.330751 0.027768 0.045568
2 0.394737 0.330751 0.027341 0.045568
2 0.416524 0.330751 0.026487 0.045568
2 0.438739 0.329992 0.028195 0.045568
2 0.460740 0.330751 0.027768 0.044050
2 0.482741 0.330751 0.027341 0.045568
2 0.504956 0.329992 0.027341 0.047087
2 0.008330 0.874535 0.016660 0.045568
2 0.024351 0.875294 0.026487 0.044050
2 0.046779 0.874155 0.028623 0.043290
2 0.067712 0.873775 0.026914 0.044050
2 0.089927 0.874535 0.026914 0.044050
2 0.111073 0.874155 0.027341 0.044809
2 0.132433 0.874535 0.028195 0.044050
2 0.153580 0.874915 0.027768 0.043290
2 0.175367 0.875674 0.026914 0.040252
2 0.197155 0.877193 0.026914 0.043290
2 0.218301 0.877952 0.026487 0.041771
2 0.239662 0.877952 0.028195 0.044809
2 0.260808 0.878712 0.026059 0.043290
2 0.282168 0.880231 0.026059 0.043290
2 0.303742 0.880990 0.027341 0.044809
2 0.325530 0.880990 0.025632 0.044809
2 0.346890 0.881750 0.026487 0.044809
2 0.369318 0.882509 0.024351 0.044809
2 0.390892 0.882889 0.026487 0.044050
2 0.413961 0.884028 0.026487 0.046328
2 0.434680 0.884408 0.026914 0.045568
2 0.456895 0.884788 0.026914 0.044809
2 0.479751 0.885547 0.026487 0.046328
2 0.502820 0.885547 0.029904 0.044809
0 0.482741 0.454925 0.069207 0.216450
0 0.481246 0.658464 0.073906 0.217969
0 0.481246 0.811119 0.071343 0.114681
0 0.417165 0.402142 0.137987 0.113921
0 0.219583 0.400623 0.132433 0.110883
0 0.315063 0.810359 0.137987 0.111643
0 0.120258 0.805802 0.132861 0.114681
0 0.046992 0.401003 0.093984 0.113162
1 0.046352 0.552138 0.092703 0.214931
1 0.045924 0.753778 0.091848 0.215691
1 0.121112 0.452267 0.132861 0.214172
1 0.121540 0.652768 0.133715 0.217210
1 0.219156 0.553277 0.133288 0.215691
1 0.219369 0.753399 0.132861 0.221007
1 0.316345 0.453786 0.135424 0.215691
1 0.316345 0.656566 0.137133 0.217210
1 0.415670 0.555176 0.137560 0.216450
1 0.414815 0.759095 0.136705 0.217210