2 0.144751 0.350443 0.010436 0.035044
2 0.154994 0.351130 0.017007 0.033670
2 0.169875 0.350443 0.017393 0.030921
2 0.184176 0.350443 0.018939 0.030921
2 0.198864 0.350787 0.018166 0.031609
2 0.213938 0.350787 0.018166 0.031609
2 0.228239 0.352505 0.019712 0.032296
2 0.243506 0.351817 0.017780 0.033670
2 0.257808 0.352848 0.018553 0.032983
2 0.272689 0.353192 0.018166 0.032296
2 0.288149 0.351817 0.018166 0.029547
2 0.303417 0.352848 0.018553 0.031609
2 0.318105 0.353535 0.018553 0.032983
2 0.332599 0.353535 0.019712 0.031609
2 0.347866 0.354222 0.019326 0.031609
2 0.363134 0.354566 0.018939 0.032296
2 0.378401 0.354566 0.019326 0.032296
2 0.393282 0.355597 0.018166 0.032983
2 0.409130 0.356971 0.018939 0.032983
2 0.424011 0.355597 0.018553 0.031609
2 0.438891 0.356284 0.019712 0.032983
2 0.454739 0.357658 0.018939 0.032983
2 0.470006 0.356971 0.018553 0.032983
2 0.484887 0.356971 0.018939 0.034357
2 0.500928 0.356971 0.017780 0.032983
2 0.516002 0.357658 0.018553 0.032983
2 0.531076 0.358002 0.018553 0.033670
2 0.547117 0.358689 0.018939 0.032296
2 0.561611 0.359033 0.019326 0.032983
2 0.577072 0.359720 0.017780 0.034357
2 0.593112 0.359376 0.018166 0.030921
2 0.137987 0.728029 0.007730 0.030234
2 0.147650 0.728716 0.017007 0.031609
2 0.163111 0.728372 0.019326 0.029547
2 0.178185 0.730777 0.017007 0.032983
2 0.192100 0.731121 0.018553 0.032296
2 0.206594 0.730434 0.018939 0.035044
2 0.221282 0.732495 0.017393 0.032296
2 0.236356 0.732839 0.018166 0.032983
2 0.251817 0.734213 0.016620 0.031609
2 0.266118 0.735244 0.018166 0.032296
2 0.280999 0.735244 0.017007 0.030921
2 0.296073 0.735931 0.019326 0.033670
2 0.311147 0.736618 0.019326 0.032296
2 0.326608 0.736961 0.019326 0.031609
2 0.341489 0.737649 0.019712 0.031609
2 0.356370 0.739023 0.020099 0.034357
2 0.372024 0.738336 0.018939 0.030234
2 0.387871 0.739710 0.017393 0.032983
2 0.403139 0.739710 0.019326 0.032983
2 0.418406 0.739710 0.018939 0.034357
2 0.433480 0.740397 0.018939 0.034357
2 0.448748 0.741084 0.017780 0.031609
2 0.463822 0.741428 0.017780 0.032296
2 0.479669 0.742115 0.017780 0.032296
2 0.494937 0.742802 0.020485 0.035044
2 0.510591 0.743146 0.019326 0.032983
2 0.525665 0.744176 0.018553 0.035044
2 0.541126 0.745894 0.019326 0.037106
2 0.557359 0.744864 0.017007 0.033670
2 0.572627 0.746238 0.018939 0.033670
2 0.587701 0.747269 0.018939 0.032983
2 0.602582 0.746925 0.020099 0.033670
2 0.608766 0.359376 0.018553 0.032296
2 0.623647 0.360063 0.019712 0.032296
2 0.638335 0.360407 0.020485 0.031609
2 0.653989 0.361094 0.019326 0.034357
2 0.669643 0.361438 0.019712 0.032296
2 0.684524 0.361438 0.019326 0.032296
2 0.700178 0.361781 0.020485 0.034357
2 0.716025 0.363155 0.017393 0.032983
2 0.731099 0.363499 0.018939 0.032296
2 0.746173 0.363843 0.019712 0.034357
2 0.760668 0.363843 0.018553 0.032983
2 0.776129 0.364873 0.020099 0.035044
2 0.791010 0.366248 0.022032 0.033670
2 0.806664 0.366248 0.019326 0.035044
2 0.821738 0.366935 0.018553 0.032296
2 0.835846 0.367278 0.020485 0.032983
2 0.851500 0.367965 0.019326 0.032983
2 0.866381 0.368653 0.018939 0.031609
2 0.880682 0.368996 0.018939 0.030921
2 0.896722 0.369683 0.018553 0.030921
2 0.912183 0.370714 0.020099 0.034357
2 0.927064 0.371058 0.018939 0.033670
2 0.942911 0.370714 0.021259 0.032983
2 0.959532 0.370370 0.018166 0.030921
2 0.617849 0.747269 0.019712 0.032983
2 0.633697 0.746925 0.018166 0.032296
2 0.648384 0.747956 0.018939 0.032983
2 0.664232 0.748986 0.018166 0.033670
2 0.679306 0.747269 0.018939 0.030234
2 0.695346 0.747956 0.018553 0.031609
2 0.710807 0.748299 0.019326 0.032296
2 0.726268 0.748299 0.017780 0.029547
2 0.742115 0.748986 0.018553 0.035044
2 0.756416 0.750704 0.019326 0.031609
2 0.771490 0.749330 0.020099 0.031609
2 0.786758 0.749330 0.019712 0.032983
2 0.801446 0.750017 0.018939 0.032983
2 0.817293 0.751391 0.018939 0.031609
2 0.831401 0.751735 0.018553 0.033670
2 0.847248 0.751391 0.018553 0.032983
2 0.861936 0.751391 0.019326 0.034357
2 0.877783 0.752766 0.020099 0.035731
2 0.892277 0.751735 0.018939 0.030921
2 0.908318 0.751735 0.019326 0.032296
2 0.924165 0.752766 0.018553 0.030234
2 0.939046 0.754140 0.020485 0.030234
2 0.955280 0.754140 0.021259 0.032983
0 0.943105 0.458668 0.052566 0.152546
0 0.942911 0.598158 0.055272 0.156669
0 0.942138 0.704322 0.051407 0.083144
0 0.896722 0.419845 0.095857 0.083144
0 0.825023 0.702261 0.096243 0.081770
0 0.759895 0.415722 0.098176 0.079022
0 0.686456 0.699856 0.098949 0.081083
0 0.620362 0.410912 0.096630 0.081770
0 0.547503 0.695046 0.097789 0.081083
0 0.480829 0.406789 0.097403 0.080396
0 0.407777 0.689549 0.095857 0.083832
0 0.342648 0.405415 0.096243 0.077647
0 0.270949 0.684739 0.095857 0.083832
0 0.207174 0.402666 0.091218 0.083144
0 0.162338 0.437367 0.048701 0.151172
0 0.160212 0.574452 0.049088 0.154607
0 0.157313 0.677867 0.050247 0.079709
1 0.206207 0.505051 0.092378 0.151859
1 0.203695 0.645915 0.092764 0.151859
1 0.273075 0.438741 0.094697 0.155294
1 0.272689 0.578231 0.095470 0.152546
1 0.340716 0.511922 0.097789 0.155982
1 0.339170 0.650725 0.098562 0.155982
1 0.410676 0.443551 0.097789 0.156669
1 0.409516 0.582354 0.098562 0.155294
1 0.478896 0.512266 0.096630 0.160792
1 0.478123 0.656222 0.099722 0.154607
1 0.550209 0.446300 0.097016 0.155294
1 0.548083 0.587164 0.099722 0.159417
1 0.618429 0.519824 0.098949 0.162166
1 0.617076 0.659658 0.098562 0.154607
1 0.689742 0.449048 0.099335 0.156669
1 0.687423 0.589569 0.099335 0.157356
1 0.757962 0.521886 0.098176 0.158043
1 0.756416 0.662406 0.097403 0.153233
1 0.826376 0.453858 0.096630 0.155294
1 0.825216 0.595066 0.095857 0.157356
1 0.894210 0.523947 0.097789 0.153920
1 0.894790 0.664811 0.096630 0.151172