2 0.812729 0.636586 0.007076 0.020720
2 0.819909 0.636771 0.011863 0.020350
2 0.829067 0.636771 0.012279 0.020350
2 0.838016 0.636586 0.011447 0.019980
2 0.847174 0.636031 0.011447 0.020350
2 0.856123 0.636771 0.011447 0.021090
2 0.865072 0.636771 0.011447 0.019610
2 0.874438 0.636956 0.011031 0.019980
2 0.883596 0.637141 0.011447 0.019610
2 0.892857 0.636771 0.012071 0.019610
2 0.902015 0.636956 0.011239 0.019240
2 0.911068 0.637511 0.011863 0.019610
2 0.920017 0.637141 0.011447 0.020350
2 0.929695 0.637696 0.012488 0.020720
2 0.938749 0.637696 0.011031 0.021460
2 0.948218 0.638066 0.012488 0.019240
2 0.957688 0.638251 0.011863 0.020350
2 0.966950 0.638251 0.012071 0.018870
2 0.976419 0.638621 0.011863 0.019610
2 0.985785 0.638436 0.011863 0.019980
2 0.994401 0.638621 0.011197 0.021090
2 0.811376 0.868576 0.006036 0.020720
2 0.817308 0.868761 0.011655 0.019610
2 0.826257 0.868391 0.011239 0.019610
2 0.835519 0.868576 0.011447 0.019980
2 0.844676 0.868761 0.011863 0.020350
2 0.854458 0.869501 0.011447 0.022570
2 0.863407 0.869316 0.011863 0.021460
2 0.872565 0.869131 0.011447 0.020350
2 0.882035 0.869686 0.012488 0.019980
2 0.891400 0.869686 0.012488 0.021460
2 0.900558 0.870056 0.011655 0.019980
2 0.910132 0.869871 0.011655 0.020350
2 0.919393 0.870426 0.011863 0.019980
2 0.928447 0.870611 0.012488 0.020350
2 0.937812 0.869871 0.012071 0.018870
2 0.947282 0.870426 0.011031 0.019240
2 0.956856 0.870981 0.011031 0.020350
2 0.966533 0.870981 0.011239 0.019610
2 0.975795 0.871166 0.012279 0.020720
2 0.985681 0.871536 0.010823 0.019980
2 0.994505 0.872091 0.010989 0.021090
0 0.824280 0.688386 0.031427 0.091760
0 0.823760 0.774041 0.030386 0.092870
0 0.823656 0.837866 0.031843 0.052540
0 0.852169 0.666186 0.058483 0.051060
0 0.893898 0.839346 0.059940 0.051060
0 0.935419 0.668036 0.061397 0.050320
0 0.973797 0.840641 0.052406 0.050690
0 0.995234 0.660081 0.009532 0.035150
1 0.851232 0.730196 0.058275 0.093240
1 0.851961 0.817146 0.058067 0.093980
1 0.893482 0.688941 0.058275 0.092870
1 0.893169 0.773671 0.059316 0.095090
1 0.935002 0.731306 0.060981 0.094720
1 0.935419 0.817886 0.060564 0.094720
1 0.973589 0.690606 0.052822 0.096200
1 0.973693 0.774781 0.052614 0.094350
1 0.994401 0.819736 0.011197 0.054760
1 0.994714 0.733156 0.010572 0.055500