2 0.200633 0.527251 0.006244 0.015910
2 0.205628 0.526881 0.009574 0.015910
2 0.212912 0.527251 0.009158 0.015910
2 0.220196 0.527251 0.009990 0.015910
2 0.227585 0.527066 0.009782 0.016280
2 0.234869 0.527436 0.009782 0.016280
2 0.242258 0.527436 0.009574 0.017020
2 0.249958 0.527251 0.009158 0.015910
2 0.257139 0.527991 0.009782 0.015910
2 0.264735 0.527991 0.009574 0.015910
2 0.271916 0.527991 0.009782 0.015910
2 0.279096 0.528546 0.009574 0.016280
2 0.287109 0.528176 0.009782 0.017020
2 0.294289 0.527991 0.009990 0.015910
2 0.301573 0.528731 0.009158 0.015910
2 0.309170 0.528916 0.009366 0.015540
2 0.316454 0.528916 0.009782 0.015540
2 0.324051 0.529101 0.009990 0.015910
2 0.331231 0.528916 0.009782 0.016280
2 0.338724 0.528731 0.009366 0.015170
2 0.346008 0.529286 0.008949 0.016280
2 0.353917 0.529471 0.008949 0.015910
2 0.361618 0.529286 0.009782 0.015540
2 0.368694 0.529101 0.009782 0.015910
2 0.376394 0.529656 0.009366 0.016280
2 0.384199 0.529101 0.009574 0.015910
2 0.391796 0.529841 0.008949 0.015170
2 0.399184 0.529656 0.009158 0.015540
2 0.406781 0.529841 0.009366 0.015910
2 0.414481 0.530026 0.009782 0.015540
2 0.421870 0.530026 0.009990 0.015540
2 0.429362 0.530211 0.009990 0.015910
2 0.437271 0.530211 0.009158 0.015910
2 0.199280 0.715026 0.005203 0.017020
2 0.204067 0.715951 0.009782 0.018130
2 0.210831 0.715396 0.009990 0.016280
2 0.218636 0.715951 0.009366 0.015910
2 0.225816 0.716506 0.009158 0.016280
2 0.233204 0.716321 0.009782 0.015910
2 0.240489 0.716876 0.009366 0.017020
2 0.247981 0.716506 0.008949 0.016280
2 0.255162 0.717061 0.009574 0.016650
2 0.262550 0.717246 0.009366 0.017020
2 0.270147 0.717431 0.009158 0.017390
2 0.277535 0.717801 0.008949 0.016650
2 0.285132 0.717986 0.009158 0.016280
2 0.292208 0.718171 0.009574 0.015910
2 0.300012 0.718541 0.009782 0.016650
2 0.307193 0.718726 0.009574 0.017020
2 0.314789 0.718356 0.009782 0.015540
2 0.322386 0.718726 0.009990 0.016280
2 0.329774 0.718541 0.010198 0.015910
2 0.336955 0.719096 0.009990 0.015540
2 0.344759 0.718726 0.009782 0.016280
2 0.352252 0.719281 0.009366 0.015170
2 0.359640 0.719836 0.009158 0.016280
2 0.367237 0.719651 0.009782 0.015170
2 0.374938 0.719836 0.009782 0.016280
2 0.382430 0.719651 0.009366 0.015910
2 0.389819 0.720206 0.009990 0.016280
2 0.397311 0.720021 0.009990 0.015910
2 0.405220 0.720576 0.009574 0.016280
2 0.412608 0.720576 0.010198 0.015540
2 0.419997 0.721131 0.009158 0.015170
2 0.427385 0.720946 0.009366 0.016280
2 0.435294 0.720946 0.009782 0.016280
2 0.444347 0.530026 0.009574 0.016280
2 0.452256 0.530026 0.009574 0.016280
2 0.459540 0.530211 0.009158 0.016650
2 0.467241 0.530581 0.010406 0.015910
2 0.474942 0.530396 0.010406 0.015540
2 0.482746 0.530396 0.009782 0.015540
2 0.490135 0.530581 0.009990 0.015910
2 0.497627 0.530396 0.010823 0.016280
2 0.505016 0.530581 0.009782 0.015910
2 0.513029 0.530766 0.009574 0.016280
2 0.520417 0.530951 0.009782 0.015910
2 0.528430 0.530951 0.009574 0.016650
2 0.535610 0.531136 0.009782 0.015540
2 0.543415 0.531506 0.009990 0.017020
2 0.551324 0.531506 0.010406 0.016280
2 0.558920 0.531691 0.009366 0.016650
2 0.566205 0.531321 0.009782 0.015910
2 0.573801 0.531691 0.009574 0.016650
2 0.581606 0.531321 0.009782 0.016650
2 0.589098 0.531876 0.009366 0.017020
2 0.596799 0.532246 0.009782 0.016280
2 0.604500 0.531321 0.009782 0.016650
2 0.442682 0.721131 0.009158 0.015910
2 0.450383 0.720946 0.009574 0.015540
2 0.457771 0.721316 0.009782 0.016280
2 0.465576 0.721501 0.010406 0.017390
2 0.473173 0.721501 0.011031 0.015910
2 0.480769 0.721686 0.009990 0.017020
2 0.488262 0.721871 0.009990 0.015910
2 0.495962 0.721871 0.009574 0.016650
2 0.503871 0.722426 0.009574 0.017020
2 0.511260 0.722426 0.009366 0.016280
2 0.518856 0.722426 0.009990 0.017020
2 0.526453 0.722241 0.009782 0.017390
2 0.534049 0.722426 0.009574 0.016280
2 0.541750 0.723166 0.009990 0.017020
2 0.549451 0.723166 0.009990 0.017020
2 0.557151 0.723166 0.009574 0.017020
2 0.564644 0.723166 0.009990 0.017020
2 0.572657 0.722981 0.009782 0.016650
2 0.579941 0.723721 0.009782 0.016650
2 0.587850 0.723536 0.009782 0.016280
2 0.595238 0.723536 0.009158 0.017020
2 0.603251 0.723721 0.010198 0.016650
0 0.596903 0.574611 0.025391 0.074370
0 0.596279 0.644541 0.024559 0.076590
0 0.596071 0.698931 0.024975 0.040330
0 0.573801 0.555556 0.048701 0.039960
0 0.538108 0.696896 0.047661 0.039960
0 0.504391 0.556111 0.047244 0.039590
0 0.468698 0.696711 0.047453 0.040330
0 0.436334 0.555186 0.047244 0.040700
0 0.400017 0.694861 0.047036 0.038850
0 0.366300 0.553521 0.047036 0.038850
0 0.331752 0.694306 0.047036 0.039220
0 0.298556 0.552596 0.046828 0.039220
0 0.264423 0.692826 0.045579 0.039960
0 0.231851 0.552226 0.044955 0.037740
0 0.208958 0.690606 0.024559 0.039220
0 0.209374 0.638991 0.024143 0.074370
0 0.209894 0.568506 0.023518 0.072520
1 0.231956 0.604026 0.045996 0.074740
1 0.231435 0.673401 0.045788 0.074370
1 0.264839 0.569801 0.045996 0.074370
1 0.264839 0.639916 0.046828 0.074740
1 0.298347 0.605136 0.047244 0.075480
1 0.298347 0.675436 0.046828 0.074740
1 0.332064 0.571836 0.047661 0.074740
1 0.332376 0.641026 0.047453 0.075480
1 0.366508 0.607171 0.047453 0.075110
1 0.366092 0.676546 0.047869 0.074740
1 0.400953 0.572576 0.047244 0.076960
1 0.400537 0.642321 0.047244 0.076590
1 0.434774 0.608096 0.047869 0.076960
1 0.434982 0.678026 0.047869 0.076220
1 0.469635 0.572391 0.048077 0.077330
1 0.469426 0.643801 0.048493 0.076590
1 0.503871 0.608836 0.048285 0.075480
1 0.503871 0.679136 0.048285 0.075480
1 0.538836 0.573131 0.047869 0.077330
1 0.538524 0.644911 0.048077 0.076590
1 0.573177 0.609021 0.048285 0.075850
1 0.573281 0.679321 0.048077 0.077330