2 0.010597 0.278179 0.021194 0.047298
2 0.029085 0.278579 0.026605 0.044893
2 0.050731 0.278980 0.026605 0.045695
2 0.072150 0.279381 0.028860 0.046497
2 0.093570 0.278980 0.026605 0.045695
2 0.115666 0.278980 0.026605 0.044092
2 0.136409 0.279381 0.027507 0.044893
2 0.158054 0.277778 0.026605 0.043290
2 0.179924 0.278980 0.027056 0.045695
2 0.200667 0.278579 0.027056 0.044893
2 0.221861 0.278179 0.026154 0.045695
2 0.243281 0.276976 0.027507 0.048100
2 0.265377 0.276575 0.028409 0.044092
2 0.287247 0.276174 0.027056 0.044893
2 0.308892 0.276174 0.027056 0.046497
2 0.331214 0.276575 0.027507 0.045695
2 0.352633 0.275774 0.027958 0.045695
2 0.374955 0.275774 0.028409 0.044092
2 0.397051 0.276174 0.028409 0.046497
2 0.418921 0.275774 0.027958 0.045695
2 0.441468 0.275774 0.028860 0.045695
2 0.463339 0.276174 0.026605 0.046497
2 0.485660 0.276976 0.028860 0.046497
2 0.507756 0.276575 0.027958 0.045695
2 0.530528 0.276575 0.027507 0.045695
2 0.006764 0.825717 0.013528 0.047298
2 0.021870 0.826920 0.028409 0.046497
2 0.043966 0.826519 0.028409 0.045695
2 0.066513 0.826118 0.027507 0.044893
2 0.088158 0.827722 0.026605 0.046497
2 0.110254 0.827722 0.027507 0.046497
2 0.131448 0.828122 0.027507 0.045695
2 0.153319 0.828122 0.026154 0.042488
2 0.173837 0.829325 0.026605 0.044893
2 0.195933 0.828924 0.027507 0.045695
2 0.217578 0.829726 0.026605 0.045695
2 0.239223 0.831329 0.027507 0.047298
2 0.261319 0.831329 0.027507 0.045695
2 0.282513 0.832532 0.026605 0.046497
2 0.303932 0.834536 0.027056 0.047298
2 0.326028 0.833734 0.027056 0.045695
2 0.347899 0.835338 0.026605 0.047298
2 0.369318 0.836139 0.028860 0.047298
2 0.391640 0.836540 0.027507 0.048100
2 0.413961 0.838143 0.027958 0.046497
2 0.435832 0.836540 0.027507 0.048100
2 0.458604 0.838143 0.027958 0.049703
2 0.480474 0.838143 0.028409 0.046497
2 0.503698 0.838143 0.027958 0.049703
2 0.524441 0.839346 0.030664 0.047298
2 0.548566 0.839346 0.028409 0.047298
2 0.553075 0.276575 0.029311 0.047298
2 0.575397 0.275373 0.028860 0.046497
2 0.597718 0.275774 0.028409 0.047298
2 0.620265 0.276976 0.028409 0.048100
2 0.642587 0.276174 0.027958 0.046497
2 0.664908 0.277778 0.028409 0.046497
2 0.686778 0.278179 0.027056 0.045695
2 0.709776 0.278579 0.026154 0.044893
2 0.732098 0.278579 0.027507 0.044893
2 0.754194 0.278980 0.026605 0.045695
2 0.775388 0.279782 0.026605 0.044092
2 0.797484 0.280183 0.025703 0.046497
2 0.818903 0.280183 0.026154 0.046497
2 0.840999 0.279782 0.027958 0.047298
2 0.862193 0.280584 0.027958 0.047298
2 0.885642 0.280984 0.026154 0.044893
2 0.570887 0.838945 0.027958 0.048100
2 0.593209 0.839346 0.028409 0.048902
2 0.616432 0.838544 0.027056 0.047298
2 0.637626 0.838945 0.027958 0.046497
2 0.660624 0.839747 0.028860 0.048100
2 0.682720 0.839346 0.027958 0.045695
2 0.705041 0.840148 0.027507 0.047298
2 0.727137 0.839346 0.028409 0.048902
2 0.749459 0.838544 0.026154 0.047298
2 0.770427 0.839346 0.028409 0.047298
2 0.793651 0.838143 0.028860 0.049703
2 0.815521 0.838143 0.027507 0.046497
2 0.837843 0.839346 0.027056 0.047298
2 0.860390 0.838544 0.027958 0.045695
2 0.883162 0.840148 0.030213 0.047298
0 0.861968 0.406045 0.069895 0.218054
0 0.862193 0.609668 0.069444 0.219657
0 0.862419 0.763588 0.069895 0.113837
0 0.796356 0.353936 0.138889 0.115440
0 0.595238 0.350329 0.138889 0.117845
0 0.695346 0.764390 0.138889 0.110630
0 0.491297 0.763989 0.141144 0.111432
0 0.392091 0.349126 0.138438 0.113837
0 0.290855 0.761183 0.134380 0.112233
0 0.193903 0.348325 0.133478 0.112233
0 0.095824 0.755171 0.137536 0.113035
0 0.033595 0.348725 0.067190 0.111432
1 0.032918 0.500641 0.065836 0.216450
1 0.032468 0.701860 0.064935 0.214847
1 0.096275 0.402036 0.133929 0.218054
1 0.096275 0.602854 0.133929 0.218855
1 0.193678 0.504249 0.133027 0.220459
1 0.192551 0.705868 0.134380 0.216450
1 0.291757 0.401635 0.137085 0.222062
1 0.290630 0.606461 0.137536 0.218054
1 0.390963 0.503848 0.138889 0.221260
1 0.390963 0.709075 0.137987 0.221260
1 0.492424 0.402036 0.139791 0.221260
1 0.492424 0.608466 0.140693 0.220459
1 0.594562 0.504650 0.139340 0.224467
1 0.593209 0.711480 0.141144 0.221260
1 0.695572 0.401635 0.140242 0.222062
1 0.696023 0.609267 0.138438 0.218855
1 0.795455 0.507055 0.136183 0.218054
1 0.795905 0.710277 0.137085 0.215649