2 0.221591 0.871891 0.014610 0.046982
2 0.235628 0.870894 0.024351 0.043290
2 0.255921 0.871318 0.024828 0.044139
2 0.274780 0.873440 0.025306 0.046685
2 0.295073 0.873440 0.026738 0.044988
2 0.315126 0.875987 0.026738 0.044988
2 0.334941 0.875987 0.027215 0.043290
2 0.354756 0.876836 0.026738 0.046685
2 0.374570 0.877260 0.027215 0.045837
2 0.394624 0.879382 0.026261 0.043290
2 0.414916 0.878958 0.024828 0.044139
2 0.434492 0.878533 0.025783 0.044988
2 0.455023 0.880231 0.025783 0.044988
2 0.475554 0.880655 0.024828 0.045837
2 0.496085 0.880231 0.026738 0.044988
2 0.515661 0.881504 0.025783 0.044139
2 0.536430 0.883626 0.026261 0.044988
2 0.556723 0.882777 0.024828 0.043290
2 0.576060 0.884051 0.026261 0.042441
2 0.596591 0.884475 0.026261 0.043290
2 0.616644 0.884899 0.024351 0.044139
2 0.637414 0.885324 0.026738 0.044988
2 0.657468 0.884475 0.025783 0.043290
2 0.677760 0.884475 0.026261 0.044988
2 0.697574 0.883626 0.025783 0.044988
2 0.717867 0.883626 0.025306 0.043290
2 0.738159 0.883626 0.024828 0.043290
2 0.758690 0.884051 0.025783 0.044139
2 0.778505 0.883626 0.025306 0.044988
2 0.797364 0.882777 0.024828 0.044988
2 0.817418 0.883626 0.026738 0.044988
2 0.837710 0.884475 0.025306 0.043290
2 0.857286 0.884475 0.024351 0.043290
2 0.878056 0.884475 0.025783 0.043290
2 0.898587 0.884475 0.027693 0.044988
2 0.917685 0.885748 0.026738 0.044139
2 0.939410 0.885748 0.027215 0.044139
2 0.960657 0.887021 0.027693 0.044988
2 0.980233 0.888295 0.025783 0.044139
2 0.993936 0.886173 0.012128 0.048383
0 0.245536 0.939755 0.070617 0.120490
0 0.306818 0.935786 0.128247 0.112554
0 0.488231 0.945527 0.137175 0.108946
0 0.670049 0.946970 0.127435 0.106060
0 0.852273 0.947691 0.129870 0.104618
0 0.986201 0.950577 0.027597 0.098846
1 0.308442 0.985931 0.097403 0.028138
1 0.398539 0.944805 0.134740 0.110390
1 0.578734 0.946248 0.133117 0.107504
1 0.762581 0.947691 0.130682 0.104618
1 0.938312 0.948413 0.123376 0.103174