2 0.350475 0.473614 0.011016 0.019068
2 0.341344 0.473871 0.010726 0.018553
2 0.332357 0.473871 0.011306 0.019584
2 0.323371 0.473356 0.010726 0.019584
2 0.314674 0.473356 0.010726 0.019584
2 0.305688 0.472841 0.010726 0.019584
2 0.296266 0.473098 0.010436 0.019068
2 0.287715 0.473098 0.011306 0.020099
2 0.278873 0.473098 0.011596 0.020099
2 0.269886 0.472583 0.010436 0.019068
2 0.261190 0.472068 0.011596 0.019068
2 0.252348 0.472068 0.010726 0.020099
2 0.243072 0.471810 0.011885 0.020614
2 0.234810 0.471552 0.012175 0.019068
2 0.225533 0.471295 0.011016 0.019584
2 0.217127 0.471810 0.011016 0.019584
2 0.208575 0.472325 0.010726 0.019584
2 0.199878 0.471037 0.011306 0.019068
2 0.190892 0.471037 0.010726 0.020099
2 0.182485 0.471552 0.010726 0.019068
2 0.173933 0.470522 0.010436 0.019068
2 0.164947 0.471037 0.011016 0.019068
2 0.156250 0.471037 0.011016 0.020099
2 0.147843 0.470779 0.011016 0.019584
2 0.139147 0.470264 0.011016 0.018553
2 0.130595 0.470522 0.011306 0.020099
2 0.121753 0.470779 0.011016 0.020614
2 0.113057 0.470264 0.011016 0.019584
2 0.104505 0.469749 0.011306 0.020614
2 0.095953 0.469491 0.011596 0.019068
2 0.086822 0.469749 0.011306 0.020614
2 0.078270 0.469749 0.010436 0.018553
2 0.069718 0.470006 0.011306 0.019068
2 0.060732 0.469749 0.011306 0.020614
2 0.051890 0.469749 0.011596 0.019584
2 0.042614 0.469491 0.011016 0.019068
2 0.034207 0.468718 0.011016 0.019584
2 0.025510 0.469749 0.011596 0.019584
2 0.016524 0.468718 0.010436 0.018553
2 0.007537 0.468460 0.010436 0.019068
2 0.002319 0.468460 0.004638 0.022160
2 0.347577 0.701659 0.012175 0.021645
2 0.338880 0.700886 0.012175 0.020099
2 0.330328 0.700371 0.011306 0.020099
2 0.319602 0.700371 0.013625 0.018038
2 0.313225 0.700629 0.009566 0.020614
2 0.302789 0.699856 0.010726 0.020099
2 0.293947 0.699340 0.011016 0.019068
2 0.284816 0.698825 0.011885 0.021130
2 0.276119 0.698567 0.011885 0.019584
2 0.267277 0.698567 0.011016 0.020614
2 0.258581 0.698567 0.011016 0.020614
2 0.249449 0.698310 0.010726 0.020099
2 0.241042 0.697794 0.011306 0.019068
2 0.232056 0.697794 0.011306 0.020099
2 0.223359 0.698052 0.011306 0.019584
2 0.214518 0.697279 0.012175 0.019068
2 0.205966 0.696506 0.011885 0.018553
2 0.197269 0.696248 0.011306 0.020099
2 0.188718 0.695475 0.011596 0.020614
2 0.180021 0.695217 0.011596 0.019068
2 0.171034 0.695217 0.011596 0.020099
2 0.161903 0.695475 0.010146 0.018553
2 0.154366 0.694960 0.011306 0.019584
2 0.145379 0.694444 0.010726 0.018553
2 0.137117 0.693414 0.011016 0.018553
2 0.128276 0.693929 0.011885 0.018553
2 0.119579 0.693671 0.010726 0.019068
2 0.111027 0.693156 0.011596 0.020099
2 0.101751 0.692898 0.012175 0.019584
2 0.093779 0.692125 0.010726 0.019068
2 0.084792 0.692641 0.011885 0.019068
2 0.075516 0.692898 0.011306 0.020614
2 0.066819 0.692383 0.011306 0.020614
2 0.057833 0.692125 0.010726 0.020099
2 0.049571 0.691868 0.011596 0.021645
2 0.040295 0.691868 0.011596 0.019584
2 0.031453 0.691610 0.011885 0.020099
2 0.023191 0.691352 0.011596 0.019584
2 0.013625 0.691868 0.012175 0.019584
2 0.005363 0.691352 0.010726 0.020614
0 0.341489 0.524892 0.029569 0.089672
0 0.340619 0.608122 0.030148 0.093280
0 0.340329 0.671769 0.030728 0.048444
0 0.314529 0.502989 0.057398 0.048959
0 0.271191 0.669707 0.056528 0.048444
0 0.233650 0.501443 0.058558 0.048959
0 0.192341 0.666357 0.055369 0.046898
0 0.154801 0.500670 0.056238 0.046382
0 0.075806 0.498866 0.057688 0.046898
0 0.113636 0.664554 0.056238 0.047413
0 0.033917 0.663265 0.055659 0.045867
0 0.011740 0.497835 0.023480 0.044836
1 0.011875 0.558228 0.023749 0.090856
1 0.011424 0.640532 0.022848 0.091925
1 0.035774 0.519213 0.055916 0.090856
1 0.034873 0.600449 0.056518 0.090856
1 0.075156 0.560633 0.056518 0.091390
1 0.074856 0.642670 0.057119 0.091925
1 0.115139 0.520015 0.055315 0.091390
1 0.114388 0.602319 0.056217 0.090321
1 0.153469 0.561167 0.056217 0.091390
1 0.153469 0.644273 0.055616 0.090856
1 0.193603 0.522420 0.054714 0.090856
1 0.193603 0.604457 0.056518 0.091390
1 0.232383 0.563572 0.057119 0.089787
1 0.232233 0.646946 0.056818 0.090856
1 0.273118 0.522687 0.058021 0.092459
1 0.272968 0.606862 0.057720 0.090856
1 0.313402 0.565176 0.057419 0.090856
1 0.313402 0.649351 0.056217 0.091390