2 0.792333 0.765346 0.007076 0.021460
2 0.798576 0.764791 0.012488 0.021830
2 0.807942 0.764976 0.011655 0.019980
2 0.816891 0.764976 0.012071 0.020720
2 0.826049 0.764791 0.012071 0.019610
2 0.835311 0.765346 0.011447 0.021460
2 0.844572 0.764976 0.011655 0.020720
2 0.853626 0.764421 0.011031 0.020350
2 0.862783 0.765716 0.011447 0.019240
2 0.872149 0.765346 0.011863 0.019980
2 0.880890 0.765346 0.011863 0.020720
2 0.889839 0.765531 0.012279 0.021090
2 0.899205 0.766086 0.011863 0.020720
2 0.908362 0.766086 0.011863 0.021460
2 0.917936 0.765716 0.011447 0.020720
2 0.927094 0.765901 0.012279 0.019610
2 0.936251 0.766271 0.011447 0.019610
2 0.946137 0.767011 0.011655 0.019610
2 0.954878 0.767381 0.011655 0.018870
2 0.964868 0.766826 0.012071 0.018500
2 0.974026 0.767011 0.012488 0.019610
2 0.983600 0.767381 0.011655 0.019610
2 0.993069 0.767751 0.013112 0.018870
2 0.997627 0.767566 0.004745 0.022200
2 0.789419 0.992378 0.005828 0.015244
2 0.794934 0.992563 0.011031 0.014874
2 0.804300 0.992933 0.011863 0.014134
2 0.813666 0.992933 0.012279 0.014134
2 0.823343 0.992748 0.012488 0.014504
2 0.832293 0.993118 0.012071 0.013764
2 0.841034 0.993303 0.012071 0.013394
2 0.850816 0.993118 0.012488 0.013764
2 0.860077 0.992933 0.012696 0.014134
2 0.869131 0.993488 0.012071 0.013024
2 0.878497 0.993488 0.012071 0.013024
2 0.887862 0.993673 0.011655 0.012654
2 0.897540 0.994043 0.011447 0.011914
2 0.906697 0.993858 0.012279 0.012284
2 0.916167 0.994413 0.013320 0.011174
2 0.926157 0.994413 0.012904 0.011174
2 0.936355 0.994598 0.011239 0.010804
2 0.944368 0.994043 0.011863 0.011914
2 0.954150 0.994598 0.012279 0.010804
2 0.963412 0.994413 0.012904 0.011174
2 0.973402 0.994783 0.012071 0.010434
2 0.982663 0.995338 0.012696 0.009324
2 0.992653 0.995153 0.011863 0.009694
2 0.997523 0.995893 0.004953 0.008214
0 0.801386 0.814741 0.033924 0.092870
0 0.802010 0.900951 0.031843 0.095090
0 0.801594 0.964776 0.033092 0.051800
0 0.831356 0.793281 0.057234 0.048470
0 0.914294 0.795316 0.059524 0.048840
0 0.984724 0.797721 0.030552 0.049210
0 0.872669 0.966071 0.060773 0.050690
0 0.957168 0.969586 0.062438 0.051060
1 0.830003 0.858216 0.057859 0.093980
1 0.829795 0.944426 0.058691 0.095460
1 0.871836 0.817701 0.059524 0.092130
1 0.872149 0.901506 0.058067 0.093240
1 0.914086 0.860251 0.059108 0.094350
1 0.914606 0.945906 0.058899 0.093980
1 0.956439 0.819181 0.060564 0.092130
1 0.956648 0.904096 0.060564 0.093240
1 0.984307 0.864506 0.031385 0.096940
1 0.984307 0.948496 0.031385 0.094720