2 0.477828 0.161388 0.016661 0.045568
2 0.493421 0.160629 0.027341 0.044050
2 0.513500 0.161768 0.026487 0.046328
2 0.534219 0.161388 0.026914 0.045568
2 0.555152 0.162148 0.026914 0.047087
2 0.575658 0.161768 0.026914 0.049366
2 0.596805 0.162907 0.028195 0.048606
2 0.616883 0.163667 0.027341 0.047087
2 0.637603 0.162907 0.026914 0.050125
2 0.658322 0.163667 0.024778 0.044050
2 0.677546 0.164426 0.027341 0.045568
2 0.698906 0.164426 0.024778 0.045568
2 0.718985 0.165945 0.026487 0.045568
2 0.741627 0.165565 0.025632 0.041771
2 0.759997 0.165565 0.025632 0.044809
2 0.779648 0.167844 0.025632 0.046328
2 0.799940 0.168983 0.025205 0.045568
2 0.820660 0.168603 0.024778 0.046328
2 0.840097 0.170502 0.024351 0.044050
2 0.860817 0.170502 0.025632 0.044050
2 0.881109 0.169743 0.025205 0.045568
2 0.902042 0.170122 0.025205 0.043290
2 0.922975 0.170122 0.026059 0.044809
2 0.943267 0.170502 0.026487 0.045568
2 0.964200 0.168983 0.024778 0.045568
2 0.984920 0.170502 0.026059 0.045568
2 0.995557 0.169743 0.008886 0.047087
2 0.995343 0.682388 0.009313 0.045568
2 0.982356 0.681249 0.026914 0.041771
2 0.961851 0.681249 0.027768 0.044809
2 0.941131 0.681249 0.026487 0.043290
2 0.921693 0.681249 0.026914 0.046328
2 0.899479 0.680109 0.026059 0.045568
2 0.880255 0.679730 0.026914 0.043290
2 0.859108 0.679730 0.026487 0.044809
2 0.839670 0.679350 0.025205 0.045568
2 0.818951 0.678211 0.026487 0.040252
2 0.799086 0.678970 0.026059 0.044809
2 0.778366 0.679350 0.026487 0.047087
2 0.757861 0.678970 0.025632 0.044809
2 0.737568 0.678211 0.026059 0.046328
2 0.716422 0.679350 0.026487 0.044050
2 0.695916 0.678211 0.026487 0.047847
2 0.675624 0.678970 0.026059 0.046328
2 0.655118 0.678211 0.024351 0.046328
2 0.634612 0.678211 0.024351 0.046328
2 0.613465 0.677071 0.027341 0.047087
2 0.592319 0.677071 0.026914 0.047087
2 0.571599 0.675553 0.027341 0.047087
2 0.550880 0.677071 0.026059 0.045568
2 0.530161 0.676312 0.026487 0.047087
2 0.510082 0.675173 0.026487 0.046328
2 0.488935 0.675173 0.026914 0.046328
2 0.475692 0.674793 0.014098 0.044050
0 0.504101 0.276069 0.068353 0.202020
0 0.504101 0.466697 0.070062 0.211134
0 0.504315 0.609858 0.070489 0.116200
0 0.567114 0.227842 0.131152 0.107086
0 0.752307 0.233159 0.130725 0.104048
0 0.935962 0.236197 0.128076 0.107086
0 0.660031 0.612516 0.130725 0.112402
0 0.844583 0.612896 0.125598 0.108605
0 0.982741 0.612896 0.034518 0.107086
1 0.567114 0.373282 0.130297 0.212653
1 0.567114 0.561631 0.130297 0.212653
1 0.723684 0.180755 0.000854 0.000759
1 0.659176 0.277588 0.131579 0.208096
1 0.658963 0.468596 0.133715 0.210374
1 0.752307 0.374041 0.131579 0.209615
1 0.751880 0.565429 0.131579 0.208096
1 0.845224 0.283284 0.126880 0.205818
1 0.844369 0.470874 0.127734 0.205818
1 0.936176 0.377839 0.127648 0.203539
1 0.935535 0.563910 0.128930 0.205058
1 0.982314 0.471254 0.035372 0.202020
1 0.981887 0.282524 0.036226 0.202780