2 0.233699 0.456750 0.006539 0.020843
2 0.240463 0.457151 0.010146 0.020042
2 0.249369 0.456950 0.010823 0.019641
2 0.258162 0.456349 0.010823 0.019240
2 0.267744 0.456950 0.010597 0.018038
2 0.275974 0.456950 0.010823 0.018038
2 0.284993 0.456750 0.011273 0.018438
2 0.294801 0.456950 0.010597 0.018038
2 0.303143 0.457351 0.011048 0.019641
2 0.312275 0.457552 0.010372 0.019240
2 0.321519 0.457151 0.011273 0.019240
2 0.330312 0.457953 0.010372 0.018438
2 0.339669 0.458353 0.010597 0.020042
2 0.348350 0.457953 0.010823 0.020042
2 0.357594 0.457752 0.010823 0.019641
2 0.366838 0.458955 0.010823 0.020443
2 0.375970 0.458955 0.011048 0.018839
2 0.384650 0.458955 0.011273 0.019641
2 0.393894 0.459556 0.010372 0.020843
2 0.403026 0.459155 0.011048 0.018438
2 0.231669 0.685225 0.005637 0.019240
2 0.237644 0.684624 0.010372 0.018839
2 0.246325 0.685025 0.010597 0.019641
2 0.255456 0.685626 0.010372 0.018438
2 0.264588 0.685827 0.011048 0.018839
2 0.273494 0.686227 0.010823 0.019641
2 0.282400 0.686428 0.010597 0.018438
2 0.291870 0.686628 0.010146 0.018839
2 0.300437 0.687430 0.010597 0.018839
2 0.309682 0.687430 0.010146 0.018839
2 0.318813 0.687630 0.010823 0.018438
2 0.327606 0.688031 0.010372 0.019240
2 0.336851 0.688232 0.010823 0.019641
2 0.345757 0.688432 0.011499 0.020042
2 0.355339 0.688432 0.010372 0.020042
2 0.364471 0.688632 0.011048 0.020443
2 0.373264 0.689033 0.010597 0.019641
2 0.382395 0.689033 0.010823 0.020443
2 0.391752 0.689434 0.011048 0.019641
2 0.400884 0.688833 0.010823 0.019240
2 0.409677 0.689434 0.010372 0.019641
2 0.412045 0.459355 0.011048 0.019641
2 0.421176 0.460157 0.010823 0.020443
2 0.430195 0.459355 0.011724 0.018839
2 0.439777 0.459756 0.011499 0.018839
2 0.448796 0.459756 0.010597 0.020443
2 0.458153 0.459756 0.010823 0.019641
2 0.467397 0.460157 0.010823 0.019641
2 0.476529 0.460358 0.011048 0.019240
2 0.485547 0.459957 0.011950 0.020042
2 0.494566 0.460358 0.011048 0.020042
2 0.503923 0.460758 0.010823 0.020042
2 0.512942 0.460959 0.010823 0.019641
2 0.522412 0.460558 0.011273 0.019641
2 0.531430 0.461159 0.011273 0.020042
2 0.540787 0.460758 0.011499 0.018438
2 0.549919 0.461159 0.011273 0.020042
2 0.559389 0.460758 0.010823 0.020042
2 0.568520 0.461159 0.011048 0.020042
2 0.577877 0.461961 0.011273 0.020042
2 0.587347 0.461360 0.011724 0.019641
2 0.596253 0.461760 0.010597 0.019641
2 0.605722 0.461961 0.010146 0.020843
2 0.614741 0.462362 0.011048 0.018438
2 0.623873 0.462161 0.011724 0.018839
2 0.633342 0.462562 0.010823 0.019641
2 0.642361 0.462963 0.011273 0.019641
2 0.651493 0.462763 0.011048 0.019240
2 0.660737 0.463163 0.011499 0.020843
2 0.669981 0.462963 0.011499 0.020443
2 0.679338 0.463765 0.011273 0.019641
2 0.419034 0.690035 0.011950 0.019240
2 0.428278 0.690637 0.011499 0.020443
2 0.437297 0.690236 0.011499 0.019641
2 0.446316 0.690637 0.010597 0.018839
2 0.455447 0.690436 0.010823 0.019240
2 0.465142 0.690637 0.010823 0.019641
2 0.474161 0.690637 0.011273 0.019641
2 0.483293 0.691037 0.011048 0.021244
2 0.492537 0.691238 0.011048 0.019240
2 0.501781 0.692039 0.010597 0.019240
2 0.511025 0.692641 0.011499 0.020443
2 0.520382 0.692641 0.011273 0.020443
2 0.529063 0.692440 0.011048 0.019240
2 0.538758 0.692440 0.011499 0.020042
2 0.547777 0.692841 0.011048 0.020042
2 0.557247 0.693242 0.010597 0.020843
2 0.566265 0.693242 0.011048 0.020843
2 0.575510 0.693042 0.011499 0.019641
2 0.584641 0.694044 0.011724 0.019240
2 0.593998 0.693643 0.011048 0.020042
2 0.603242 0.693242 0.011048 0.020042
2 0.612599 0.693643 0.011273 0.020843
2 0.621618 0.693843 0.011273 0.021244
2 0.630524 0.694244 0.011499 0.022046
2 0.640219 0.694845 0.011048 0.022447
2 0.649238 0.694645 0.011950 0.020443
2 0.658257 0.694645 0.011499 0.021244
2 0.667501 0.694044 0.011499 0.020042
2 0.676971 0.694845 0.011048 0.020042
2 0.688470 0.464165 0.011950 0.021244
2 0.697150 0.463765 0.011273 0.019641
2 0.706733 0.463965 0.011048 0.020843
2 0.715864 0.464566 0.011273 0.020443
2 0.725334 0.464566 0.011273 0.019641
2 0.686328 0.694645 0.011273 0.020443
2 0.695346 0.695647 0.011724 0.021645
2 0.704478 0.695447 0.010597 0.018839
2 0.713948 0.695447 0.011499 0.019641
2 0.723530 0.695647 0.011724 0.020042
0 0.245002 0.508848 0.032040 0.094934
0 0.244147 0.591251 0.031186 0.094175
0 0.242652 0.653907 0.029904 0.049366
0 0.272129 0.487962 0.058100 0.048606
0 0.354152 0.488722 0.059809 0.048606
0 0.436816 0.490241 0.059381 0.053163
0 0.520335 0.491760 0.059809 0.050125
0 0.603853 0.491760 0.058527 0.048606
0 0.687372 0.493658 0.059809 0.047847
0 0.312286 0.657325 0.058100 0.050125
0 0.394523 0.658464 0.057673 0.049366
0 0.477401 0.660363 0.056818 0.047087
0 0.560706 0.662641 0.056818 0.048606
0 0.644224 0.663781 0.058100 0.046328
0 0.715140 0.665300 0.032468 0.050885
0 0.714286 0.599985 0.032468 0.093415
0 0.716208 0.517202 0.031186 0.096453
1 0.271916 0.549859 0.056818 0.097972
1 0.271061 0.634541 0.058527 0.095694
1 0.312500 0.509987 0.058527 0.095694
1 0.313141 0.592010 0.057245 0.092656
1 0.353084 0.551758 0.058527 0.095694
1 0.353298 0.636819 0.058954 0.094175
1 0.395164 0.510747 0.059809 0.094175
1 0.394950 0.594668 0.059381 0.093415
1 0.437030 0.552518 0.058954 0.094175
1 0.435535 0.637579 0.060236 0.094175
1 0.478469 0.511886 0.058100 0.091896
1 0.478042 0.596947 0.058954 0.094934
1 0.519481 0.555556 0.060663 0.094175
1 0.519481 0.639857 0.059809 0.095694
1 0.562201 0.514544 0.058954 0.095694
1 0.561774 0.598086 0.059809 0.095694
1 0.604494 0.555935 0.058100 0.097972
1 0.603640 0.640617 0.060663 0.097213
1 0.646147 0.515303 0.060236 0.097213
1 0.645933 0.599605 0.059809 0.092656
1 0.687372 0.557075 0.058954 0.095694
1 0.686945 0.642515 0.059809 0.096453