2 0.614448 0.517677 0.030844 0.049603
2 0.592279 0.515873 0.028916 0.044192
2 0.571987 0.518128 0.028916 0.046898
2 0.549919 0.515422 0.025365 0.045094
2 0.529119 0.516324 0.025365 0.043290
2 0.509588 0.517226 0.027902 0.048701
2 0.488535 0.516775 0.027394 0.047799
2 0.466974 0.515873 0.025873 0.047799
2 0.447443 0.515422 0.028409 0.048701
2 0.426136 0.514971 0.026380 0.049603
2 0.403561 0.514520 0.024858 0.048701
2 0.383776 0.514069 0.025873 0.045996
2 0.364499 0.514520 0.026887 0.045094
2 0.343699 0.516324 0.025873 0.046898
2 0.323661 0.516324 0.028409 0.045094
2 0.302861 0.515422 0.025365 0.048701
2 0.281808 0.515873 0.024858 0.049603
2 0.261769 0.513167 0.025365 0.045996
2 0.242238 0.514069 0.024858 0.047799
2 0.221692 0.514069 0.025365 0.045996
2 0.201654 0.513618 0.028916 0.043290
2 0.182123 0.514069 0.028409 0.044192
2 0.163352 0.514069 0.025365 0.045996
2 0.143060 0.513618 0.024351 0.045094
2 0.124036 0.512716 0.024858 0.045094
2 0.104505 0.513167 0.027394 0.042388
2 0.084720 0.514520 0.025365 0.048701
2 0.065442 0.512716 0.025365 0.045094
2 0.045150 0.513618 0.025365 0.045094
2 0.024858 0.513167 0.024351 0.045996
2 0.009892 0.514520 0.019784 0.050505
2 0.011414 0.016459 0.022828 0.032918
2 0.029931 0.016910 0.027394 0.033820
2 0.050984 0.016008 0.029931 0.032016
2 0.070515 0.016459 0.027394 0.032918
2 0.090554 0.016459 0.026887 0.032918
2 0.112114 0.015557 0.027394 0.031114
2 0.130631 0.016459 0.026887 0.032918
2 0.150162 0.016008 0.027394 0.032016
2 0.170201 0.016910 0.025873 0.033820
2 0.191761 0.016459 0.024351 0.032918
2 0.211039 0.014901 0.028409 0.029801
2 0.230824 0.017361 0.025365 0.034722
2 0.250609 0.016910 0.026380 0.033820
2 0.270901 0.015557 0.025365 0.031114
2 0.290686 0.015214 0.027394 0.030428
2 0.309963 0.014273 0.026380 0.028546
2 0.330002 0.014655 0.026887 0.029310
2 0.350802 0.013332 0.027902 0.026664
2 0.370586 0.013332 0.028916 0.026664
2 0.390625 0.014655 0.026380 0.029310
2 0.411335 0.013793 0.027215 0.027586
2 0.431866 0.014218 0.027215 0.028436
2 0.452397 0.013793 0.027215 0.027586
2 0.471257 0.014218 0.024828 0.028436
2 0.492981 0.014218 0.028170 0.028436
2 0.512557 0.014218 0.026261 0.028436
2 0.533327 0.013793 0.026738 0.027586
2 0.554574 0.013793 0.026261 0.027586
2 0.575105 0.015067 0.027215 0.030133
2 0.594681 0.014642 0.028170 0.029284
2 0.614973 0.015067 0.024828 0.030133
0 0.594156 0.119048 0.073052 0.199134
0 0.593344 0.305195 0.071429 0.207792
0 0.593750 0.446609 0.072240 0.115440
0 0.531250 0.069264 0.125812 0.111111
0 0.435065 0.448773 0.134740 0.119769
0 0.251218 0.447330 0.129058 0.113997
0 0.072240 0.445887 0.121753 0.105339
0 0.347403 0.069264 0.136364 0.108225
0 0.165179 0.077201 0.129058 0.115440
0 0.023133 0.075758 0.046266 0.118326
1 0.023945 0.216450 0.047890 0.226551
1 0.023945 0.398990 0.047890 0.213564
1 0.074269 0.124820 0.129058 0.210678
1 0.074269 0.307359 0.125812 0.212121
1 0.165179 0.215007 0.130682 0.209235
1 0.161932 0.399711 0.130682 0.209235
1 0.256494 0.123377 0.126623 0.216450
1 0.254464 0.305916 0.129058 0.209235
1 0.345373 0.212121 0.130682 0.217893
1 0.344562 0.400433 0.133929 0.222222
1 0.439935 0.118326 0.133117 0.215007
1 0.438312 0.303752 0.133117 0.216450
1 0.532468 0.209235 0.128247 0.217893
1 0.533685 0.393218 0.135552 0.210678