2 0.299165 0.571532 0.015074 0.043290
2 0.313949 0.571016 0.027250 0.048444
2 0.333662 0.572562 0.024930 0.047413
2 0.353954 0.572562 0.028409 0.047413
2 0.373956 0.571532 0.028989 0.049474
2 0.395698 0.571532 0.029569 0.047413
2 0.415700 0.573593 0.027829 0.047413
2 0.435703 0.573593 0.028409 0.045351
2 0.455705 0.575139 0.027829 0.046382
2 0.476287 0.574108 0.027250 0.044321
2 0.497159 0.575139 0.027250 0.044321
2 0.516872 0.573593 0.027250 0.045351
2 0.538323 0.575655 0.029569 0.047413
2 0.558905 0.575655 0.030148 0.045351
2 0.578908 0.577201 0.028409 0.046382
2 0.599200 0.576685 0.028409 0.047413
2 0.619492 0.577201 0.026090 0.048444
2 0.640364 0.577716 0.026090 0.047413
2 0.661526 0.577716 0.027829 0.049474
2 0.682108 0.579262 0.027250 0.044321
2 0.701821 0.578231 0.027250 0.044321
2 0.722982 0.578747 0.027829 0.047413
2 0.742695 0.578747 0.028989 0.047413
2 0.762407 0.578231 0.025510 0.048444
2 0.781830 0.577201 0.027250 0.048444
2 0.802992 0.578231 0.026670 0.046382
2 0.821834 0.579777 0.026090 0.045351
2 0.842996 0.580293 0.026670 0.050505
2 0.861549 0.579777 0.025510 0.047413
2 0.881551 0.578747 0.026090 0.047413
2 0.902423 0.578747 0.026090 0.047413
2 0.922136 0.579777 0.024930 0.045351
2 0.943588 0.580293 0.026090 0.044321
2 0.963300 0.580293 0.026090 0.046382
2 0.984462 0.579262 0.025510 0.046382
2 0.994840 0.579918 0.010320 0.047694
0 0.323226 0.686972 0.071313 0.202020
0 0.322646 0.868893 0.071313 0.203051
0 0.313370 0.975933 0.051600 0.048134
0 0.384682 0.640590 0.132769 0.123686
0 0.571950 0.646774 0.131609 0.117502
0 0.756320 0.649866 0.129290 0.113379
0 0.936862 0.648835 0.126276 0.113379
0 0.473098 0.981086 0.093924 0.037827
0 0.660077 0.983148 0.086387 0.033704
0 0.843866 0.983663 0.086387 0.032674
1 0.385552 0.786951 0.127551 0.212327
1 0.385262 0.930066 0.126971 0.139868
1 0.478026 0.691095 0.129290 0.208204
1 0.476287 0.875593 0.126971 0.208204
1 0.569921 0.782828 0.129870 0.210266
1 0.568182 0.932643 0.128711 0.134714
1 0.662686 0.695733 0.128711 0.213358
1 0.663265 0.877139 0.131030 0.207174
1 0.754000 0.790559 0.130450 0.213358
1 0.751391 0.936250 0.128711 0.127499
1 0.847345 0.696248 0.129290 0.206143
1 0.845605 0.881777 0.131609 0.208204
1 0.935993 0.792620 0.128014 0.209235
1 0.936282 0.936766 0.127435 0.126468
1 0.982375 0.697279 0.035250 0.204082
1 0.982955 0.892599 0.034090 0.188621