2 0.376958 0.227485 0.012892 0.031407
2 0.388088 0.227273 0.018263 0.035173
2 0.403561 0.226822 0.017756 0.032468
2 0.419288 0.227273 0.018770 0.033369
2 0.433746 0.227273 0.019278 0.035173
2 0.449219 0.227273 0.019785 0.029762
2 0.463931 0.228175 0.019785 0.029762
2 0.480164 0.229076 0.018770 0.033369
2 0.495130 0.229978 0.020292 0.033369
2 0.510856 0.229527 0.019278 0.034271
2 0.525568 0.229527 0.019278 0.034271
2 0.540787 0.229527 0.018263 0.032468
2 0.556006 0.229527 0.019278 0.034271
2 0.571987 0.230429 0.018770 0.032468
2 0.586952 0.230429 0.020292 0.034271
2 0.602171 0.232233 0.020292 0.032468
2 0.616883 0.231782 0.019278 0.033369
2 0.633371 0.232233 0.019785 0.034271
2 0.647829 0.234037 0.018263 0.030664
2 0.663555 0.232684 0.018263 0.035173
2 0.679028 0.233135 0.018770 0.034271
2 0.694247 0.234037 0.018770 0.034271
2 0.709213 0.232684 0.018263 0.033369
2 0.724178 0.233586 0.018770 0.035173
2 0.739397 0.234939 0.018770 0.034271
2 0.755124 0.234037 0.017756 0.032468
2 0.769328 0.237193 0.017756 0.035173
2 0.784801 0.237644 0.018263 0.032468
2 0.800274 0.237193 0.017756 0.031566
2 0.813971 0.237193 0.018770 0.033369
2 0.828937 0.237644 0.018263 0.032468
2 0.844409 0.239448 0.019785 0.032468
2 0.859375 0.238095 0.020292 0.031566
2 0.873580 0.240350 0.019278 0.032468
2 0.888799 0.241252 0.019278 0.032468
2 0.904272 0.240350 0.019785 0.030664
2 0.919491 0.240801 0.019785 0.033369
2 0.934710 0.240801 0.020800 0.035173
2 0.951958 0.240801 0.017756 0.033369
2 0.966670 0.242154 0.018770 0.034271
2 0.981889 0.242605 0.018770 0.033369
2 0.994115 0.240350 0.011769 0.036075
2 0.371094 0.612825 0.008624 0.034271
2 0.381747 0.612825 0.019785 0.034271
2 0.396205 0.611472 0.019278 0.035173
2 0.412439 0.612374 0.020292 0.035173
2 0.427405 0.613276 0.020800 0.033369
2 0.443385 0.613727 0.020292 0.036075
2 0.458604 0.613727 0.019278 0.034271
2 0.473569 0.615079 0.019785 0.035173
2 0.489296 0.615079 0.018770 0.033369
2 0.504769 0.615079 0.020292 0.033369
2 0.520241 0.615981 0.020800 0.033369
2 0.535714 0.616883 0.019278 0.033369
2 0.551441 0.617785 0.017248 0.035173
2 0.566914 0.618236 0.019785 0.034271
2 0.582133 0.617785 0.020800 0.033369
2 0.598113 0.617785 0.019278 0.035173
2 0.613586 0.617785 0.019785 0.035173
2 0.628805 0.618236 0.019785 0.034271
2 0.644531 0.615530 0.017756 0.030664
2 0.658989 0.617785 0.020292 0.033369
2 0.675477 0.618236 0.018770 0.034271
2 0.689174 0.617785 0.018770 0.031566
2 0.704647 0.618687 0.019278 0.033369
2 0.720627 0.619589 0.019785 0.033369
2 0.736100 0.618687 0.019278 0.029762
2 0.751065 0.618687 0.020800 0.035173
2 0.766538 0.620942 0.019278 0.036075
2 0.781250 0.620040 0.020292 0.034271
2 0.795708 0.619138 0.018770 0.036075
2 0.811435 0.620040 0.018770 0.036075
2 0.826147 0.620942 0.018770 0.034271
2 0.841366 0.621843 0.019785 0.032468
2 0.856838 0.622745 0.019278 0.036075
2 0.872565 0.621392 0.019278 0.031566
2 0.886769 0.622294 0.020292 0.031566
2 0.901989 0.621843 0.019278 0.034271
2 0.917208 0.621843 0.020292 0.032468
2 0.931920 0.623647 0.019278 0.034271
2 0.948153 0.623196 0.020292 0.031566
2 0.963119 0.623647 0.017756 0.032468
2 0.979606 0.624549 0.019278 0.036075
2 0.992086 0.625902 0.015828 0.038781
0 0.394683 0.313853 0.053774 0.152417
0 0.394683 0.453644 0.052760 0.154221
0 0.394430 0.560065 0.055296 0.083874
0 0.443892 0.279131 0.097403 0.077561
0 0.508066 0.566378 0.098925 0.083874
0 0.582133 0.282287 0.100954 0.083874
0 0.720627 0.285444 0.098925 0.079365
0 0.855570 0.289051 0.099939 0.077561
0 0.970018 0.289051 0.059963 0.079365
0 0.647829 0.569084 0.098417 0.082071
0 0.785816 0.569535 0.095373 0.077561
0 0.924056 0.574946 0.096895 0.082973
1 0.443385 0.385101 0.099432 0.161436
1 0.440595 0.525794 0.101968 0.154221
1 0.511110 0.316558 0.096895 0.157828
1 0.510095 0.458153 0.096895 0.161436
1 0.580611 0.387807 0.099939 0.154221
1 0.578074 0.528499 0.097910 0.156025
1 0.650619 0.322421 0.100954 0.158730
1 0.650619 0.463564 0.098925 0.161436
1 0.718091 0.390963 0.098925 0.156926
1 0.716569 0.536165 0.105012 0.158730
1 0.788606 0.324224 0.098925 0.156926
1 0.788099 0.464917 0.095881 0.158730
1 0.854048 0.393669 0.099939 0.151515
1 0.856078 0.534361 0.097910 0.155123
1 0.924056 0.329636 0.100954 0.155123
1 0.924564 0.463564 0.096895 0.157828
1 0.971540 0.395924 0.056920 0.163240
1 0.971540 0.538420 0.056920 0.156025