2 0.335180 0.328919 0.014324 0.050929
2 0.351652 0.328919 0.030080 0.047534
2 0.375048 0.328495 0.029125 0.050081
2 0.397011 0.328071 0.029125 0.049232
2 0.419929 0.328919 0.031035 0.047534
2 0.442609 0.328919 0.029603 0.047534
2 0.465288 0.329344 0.030080 0.048383
2 0.488207 0.329344 0.030080 0.048383
2 0.510886 0.328919 0.029603 0.049232
2 0.534043 0.330617 0.029125 0.045837
2 0.556961 0.330617 0.029125 0.049232
2 0.579402 0.330617 0.029125 0.047534
2 0.602082 0.330617 0.028648 0.047534
2 0.625000 0.330617 0.028648 0.047534
2 0.647918 0.331890 0.030558 0.048383
2 0.670598 0.332739 0.028170 0.048383
2 0.692800 0.333164 0.027693 0.049232
2 0.715718 0.331890 0.028648 0.048383
2 0.738636 0.334012 0.028648 0.045837
2 0.760361 0.333164 0.028170 0.047534
2 0.783518 0.333588 0.029603 0.048383
2 0.805720 0.334012 0.030080 0.044139
2 0.827445 0.334437 0.028648 0.044988
2 0.848692 0.334437 0.030080 0.046685
2 0.871133 0.334861 0.030080 0.047534
2 0.894051 0.334437 0.030080 0.046685
2 0.333747 0.897632 0.014324 0.047534
2 0.348787 0.898481 0.029125 0.047534
2 0.371228 0.900178 0.028170 0.047534
2 0.393908 0.900178 0.029603 0.047534
2 0.417303 0.900603 0.029603 0.048383
2 0.440460 0.900178 0.029125 0.047534
2 0.462901 0.901451 0.028170 0.046685
2 0.485581 0.901451 0.028648 0.046685
2 0.508021 0.902725 0.027693 0.049232
2 0.531178 0.902300 0.029125 0.048383
2 0.554335 0.901876 0.027693 0.045837
2 0.576299 0.902300 0.029603 0.048383
2 0.599694 0.903149 0.028648 0.048383
2 0.622135 0.902300 0.028648 0.048383
2 0.645053 0.902725 0.027693 0.049232
2 0.667256 0.902725 0.027215 0.049232
2 0.690890 0.901876 0.027693 0.045837
2 0.712376 0.901876 0.029603 0.049232
2 0.735294 0.901027 0.029603 0.049232
2 0.758451 0.899754 0.027215 0.044988
2 0.780414 0.900178 0.027215 0.047534
2 0.802855 0.899329 0.027215 0.047534
2 0.824341 0.901027 0.028170 0.049232
2 0.847021 0.901451 0.028648 0.048383
2 0.869461 0.899754 0.028648 0.048383
2 0.891902 0.901451 0.028648 0.050081
2 0.916014 0.335286 0.028170 0.046685
2 0.938694 0.336134 0.028648 0.044988
2 0.963283 0.335286 0.027215 0.044988
2 0.983909 0.336134 0.032181 0.048383
2 0.914104 0.900603 0.028170 0.046685
2 0.937261 0.901451 0.030558 0.046685
2 0.960418 0.900178 0.030080 0.045837
2 0.983432 0.902725 0.033136 0.047534
0 0.987013 0.390884 0.025974 0.086580
0 0.936163 0.828028 0.127674 0.118835
0 0.842723 0.407436 0.142284 0.123080
0 0.638846 0.406162 0.144194 0.122231
0 0.740785 0.828453 0.140852 0.114591
0 0.536430 0.828028 0.144672 0.120533
0 0.432821 0.404889 0.142762 0.119684
0 0.364305 0.457092 0.072574 0.222392
0 0.364544 0.665903 0.074962 0.227485
0 0.364544 0.821238 0.075917 0.122231
1 0.434015 0.562771 0.143239 0.228334
1 0.434015 0.773279 0.143239 0.224938
1 0.534998 0.456668 0.142762 0.230031
1 0.536430 0.668874 0.143717 0.231729
1 0.638846 0.564893 0.144194 0.230880
1 0.639085 0.773279 0.143717 0.230031
1 0.741501 0.460063 0.143239 0.228334
1 0.741979 0.669722 0.142284 0.226636
1 0.842723 0.566166 0.139419 0.226636
1 0.841052 0.771581 0.141807 0.223241
1 0.936163 0.463458 0.127674 0.228334
1 0.937357 0.670996 0.125286 0.227485
1 0.986774 0.566590 0.026451 0.151091
1 0.987013 0.774552 0.025974 0.135812