2 0.060022 0.334548 0.010680 0.031898
2 0.070702 0.333409 0.018370 0.031138
2 0.085227 0.334548 0.018370 0.030379
2 0.100820 0.333789 0.018797 0.030379
2 0.115559 0.334928 0.018370 0.032657
2 0.130725 0.335688 0.018797 0.029620
2 0.145036 0.337207 0.019224 0.031138
2 0.159134 0.336827 0.019224 0.031898
2 0.174299 0.337586 0.019651 0.030379
2 0.188611 0.336827 0.018370 0.033417
2 0.203776 0.337207 0.018797 0.032657
2 0.218301 0.337207 0.018797 0.031138
2 0.232613 0.337586 0.019224 0.031898
2 0.248206 0.337586 0.017943 0.031898
2 0.261876 0.337586 0.018797 0.033417
2 0.277683 0.338726 0.019651 0.032657
2 0.292635 0.339105 0.019651 0.033417
2 0.307587 0.340245 0.019651 0.034176
2 0.322753 0.339865 0.020079 0.031898
2 0.338132 0.339865 0.018370 0.033417
2 0.353298 0.340624 0.019651 0.031898
2 0.368891 0.341004 0.020933 0.034176
2 0.384057 0.339865 0.019651 0.033417
2 0.400077 0.340624 0.020079 0.033417
2 0.415029 0.341004 0.019224 0.032657
2 0.430195 0.341763 0.019651 0.032657
2 0.444933 0.341004 0.019224 0.032657
2 0.460954 0.342523 0.017943 0.032657
2 0.476119 0.343282 0.019224 0.031138
2 0.491499 0.342143 0.020079 0.033417
2 0.507092 0.344042 0.019651 0.032657
2 0.522898 0.343662 0.020506 0.031898
2 0.052973 0.713526 0.007690 0.033417
2 0.062799 0.714665 0.017943 0.034176
2 0.077965 0.715045 0.018370 0.033417
2 0.093344 0.715425 0.018370 0.031138
2 0.107869 0.715805 0.018370 0.033417
2 0.123035 0.716184 0.018797 0.034176
2 0.138201 0.716184 0.019224 0.034176
2 0.153153 0.718843 0.020079 0.034936
2 0.166823 0.717324 0.019224 0.031898
2 0.181562 0.718463 0.019651 0.032657
2 0.196514 0.720741 0.018797 0.032657
2 0.211466 0.721501 0.018797 0.034176
2 0.227273 0.721880 0.020506 0.033417
2 0.239875 0.721880 0.021787 0.034936
2 0.256963 0.721121 0.019224 0.033417
2 0.271488 0.723399 0.020933 0.031898
2 0.286654 0.724159 0.018797 0.036455
2 0.301820 0.724918 0.019224 0.033417
2 0.317626 0.725298 0.019224 0.035695
2 0.331724 0.725298 0.020079 0.029620
2 0.347744 0.725678 0.019651 0.033417
2 0.362697 0.727197 0.017943 0.034936
2 0.377862 0.727956 0.020079 0.034936
2 0.393455 0.727577 0.018797 0.032657
2 0.408835 0.728336 0.018797 0.029620
2 0.424428 0.728716 0.019224 0.031898
2 0.439593 0.729855 0.018797 0.032657
2 0.454973 0.729855 0.019651 0.032657
2 0.470352 0.732133 0.018797 0.034176
2 0.486372 0.732893 0.019224 0.035695
2 0.502820 0.732893 0.017088 0.032657
2 0.517344 0.732893 0.018797 0.034176
2 0.537850 0.344042 0.021360 0.035695
2 0.554084 0.344042 0.018797 0.035695
2 0.569036 0.344422 0.019651 0.033417
2 0.585270 0.344422 0.017943 0.034936
2 0.600436 0.346320 0.020933 0.034176
2 0.615602 0.347460 0.020506 0.034936
2 0.631835 0.347460 0.018797 0.033417
2 0.646787 0.346320 0.019651 0.035695
2 0.661953 0.348219 0.019224 0.034936
2 0.678187 0.347080 0.019224 0.034176
2 0.693353 0.348219 0.019651 0.033417
2 0.708305 0.348599 0.018797 0.034176
2 0.724111 0.348599 0.020506 0.032657
2 0.739918 0.348599 0.017088 0.031138
2 0.754443 0.350118 0.020506 0.032657
2 0.770249 0.351257 0.020506 0.031898
2 0.785842 0.352776 0.019224 0.034936
2 0.800581 0.352776 0.017943 0.031898
2 0.815533 0.353535 0.018797 0.033417
2 0.830485 0.354295 0.019651 0.034936
2 0.845651 0.355054 0.019224 0.031898
2 0.861458 0.355814 0.020933 0.033417
2 0.877478 0.355434 0.019651 0.034176
2 0.532510 0.733652 0.018370 0.034176
2 0.547676 0.732513 0.019651 0.031898
2 0.563055 0.734792 0.017943 0.034936
2 0.578862 0.735171 0.018797 0.034176
2 0.594241 0.736310 0.020506 0.033417
2 0.610261 0.735551 0.019224 0.034936
2 0.625854 0.735171 0.018797 0.031138
2 0.642729 0.738209 0.016661 0.034176
2 0.657254 0.736690 0.019224 0.035695
2 0.672633 0.738209 0.020079 0.035695
2 0.688226 0.738589 0.018797 0.034936
2 0.703819 0.738969 0.019224 0.035695
2 0.720053 0.738969 0.017515 0.038733
2 0.735005 0.739348 0.019224 0.034936
2 0.749530 0.739728 0.019224 0.032657
2 0.764909 0.740108 0.019224 0.033417
2 0.780502 0.740108 0.019651 0.034936
2 0.796309 0.739728 0.017943 0.031138
2 0.812543 0.739728 0.017088 0.032657
2 0.826854 0.740867 0.020079 0.034936
2 0.842020 0.740108 0.017943 0.033417
2 0.857826 0.741247 0.018797 0.034176
2 0.872138 0.743525 0.018370 0.034176
0 0.859535 0.442014 0.048701 0.151135
0 0.858894 0.583656 0.049983 0.156452
0 0.858040 0.689603 0.050837 0.084302
0 0.815106 0.402901 0.096548 0.078985
0 0.742695 0.690362 0.098684 0.079745
0 0.675624 0.399484 0.098684 0.078226
0 0.601077 0.684666 0.099111 0.083542
0 0.535287 0.395306 0.099111 0.083542
0 0.460526 0.680489 0.099111 0.082783
0 0.394523 0.390750 0.098684 0.082023
0 0.323394 0.674793 0.096548 0.082023
0 0.256323 0.390370 0.093985 0.079745
0 0.187116 0.670616 0.092276 0.082783
0 0.124530 0.380497 0.092703 0.087340
0 0.077110 0.418091 0.054255 0.151895
0 0.075188 0.561631 0.054682 0.159490
0 0.072838 0.663021 0.049983 0.081264
1 0.121753 0.489861 0.092276 0.152654
1 0.119831 0.629225 0.094412 0.148857
1 0.189465 0.423407 0.094412 0.154933
1 0.187329 0.562771 0.094412 0.157211
1 0.255682 0.495937 0.097830 0.157211
1 0.253759 0.635300 0.097403 0.153414
1 0.324462 0.426445 0.097830 0.154933
1 0.322753 0.568087 0.097830 0.157211
1 0.392601 0.496696 0.100820 0.160249
1 0.390892 0.643275 0.099111 0.157211
1 0.464371 0.428723 0.097403 0.161009
1 0.464158 0.572644 0.098684 0.158730
1 0.532510 0.503532 0.100393 0.161768
1 0.531869 0.647832 0.098257 0.163287
1 0.604494 0.431761 0.098257 0.154933
1 0.602145 0.578720 0.100393 0.158730
1 0.673274 0.505051 0.099111 0.157211
1 0.673060 0.648971 0.098684 0.153414
1 0.745472 0.435938 0.099966 0.154173
1 0.743122 0.580998 0.098684 0.161768
1 0.813824 0.511506 0.096548 0.156452
1 0.812756 0.652009 0.097830 0.156452