2 0.463790 0.557159 0.014881 0.045695
2 0.479122 0.557159 0.024802 0.045695
2 0.499865 0.555556 0.026605 0.044092
2 0.520157 0.554754 0.026605 0.044092
2 0.540675 0.555556 0.027056 0.045695
2 0.561418 0.553952 0.027056 0.044092
2 0.583063 0.555956 0.025253 0.043290
2 0.603130 0.555556 0.028409 0.044092
2 0.622294 0.556357 0.027958 0.044092
2 0.643714 0.555956 0.025703 0.043290
2 0.664908 0.554754 0.026605 0.042488
2 0.684298 0.554754 0.027507 0.042488
2 0.704140 0.556758 0.028409 0.044893
2 0.726461 0.554353 0.025253 0.043290
2 0.747430 0.555155 0.026605 0.044893
2 0.766595 0.553551 0.027056 0.043290
2 0.787338 0.554353 0.026154 0.041687
2 0.807404 0.553151 0.028409 0.044092
2 0.827020 0.552750 0.027056 0.040083
2 0.845734 0.553551 0.025703 0.046497
2 0.867154 0.551547 0.026154 0.040885
2 0.887446 0.550746 0.026154 0.042488
2 0.907062 0.551146 0.025703 0.043290
2 0.927354 0.549944 0.025703 0.042488
2 0.948773 0.549944 0.025253 0.042488
2 0.969742 0.548341 0.025703 0.042488
2 0.987464 0.547940 0.025072 0.046497
0 0.490846 0.672599 0.070797 0.202822
0 0.489493 0.861392 0.071699 0.208434
0 0.483405 0.973184 0.056818 0.053632
0 0.550821 0.624499 0.126714 0.109828
0 0.737734 0.620491 0.128066 0.106622
0 0.923070 0.618486 0.124459 0.112233
0 0.982955 0.969978 0.034090 0.060044
0 0.831530 0.971180 0.105519 0.057640
0 0.646420 0.973986 0.100559 0.052028
1 0.553977 0.765192 0.130321 0.205227
1 0.645969 0.672599 0.128517 0.209235
1 0.552399 0.926287 0.130772 0.147426
1 0.647321 0.859788 0.133027 0.205227
1 0.736833 0.763187 0.131674 0.204425
1 0.831079 0.668992 0.132576 0.210037
1 0.832206 0.852974 0.133929 0.206029
1 0.737960 0.925886 0.129419 0.148228
1 0.921266 0.762386 0.134380 0.215649
1 0.922619 0.923080 0.136183 0.153840
1 0.973936 0.661776 0.052128 0.218054
1 0.974838 0.847363 0.050324 0.217252