2 0.275246 0.390905 0.004787 0.014800
2 0.279720 0.390905 0.008741 0.014060
2 0.285860 0.390905 0.008117 0.014060
2 0.292728 0.390905 0.008117 0.014060
2 0.298452 0.390905 0.007909 0.014800
2 0.304799 0.391090 0.008949 0.014430
2 0.311043 0.390905 0.008117 0.013320
2 0.317391 0.391275 0.008325 0.014060
2 0.323531 0.391460 0.008117 0.013690
2 0.329878 0.391275 0.007909 0.013320
2 0.336122 0.391275 0.007909 0.013320
2 0.342574 0.391090 0.007909 0.013690
2 0.348714 0.391830 0.008117 0.013690
2 0.355270 0.391645 0.008325 0.014060
2 0.361513 0.391645 0.008741 0.013320
2 0.367653 0.391830 0.008533 0.012950
2 0.373793 0.392015 0.007909 0.014060
2 0.380453 0.391830 0.007909 0.014430
2 0.386593 0.392015 0.008117 0.014800
2 0.392940 0.392385 0.007909 0.014800
2 0.399392 0.392200 0.008325 0.013690
2 0.405532 0.391830 0.008949 0.013690
2 0.411880 0.392200 0.008741 0.014430
2 0.418228 0.392385 0.007284 0.014060
2 0.424575 0.391830 0.008325 0.013690
2 0.431027 0.392015 0.007493 0.013320
2 0.437479 0.391830 0.008325 0.013690
2 0.443931 0.392755 0.007909 0.014060
2 0.450175 0.392570 0.007909 0.012950
2 0.456106 0.392385 0.008117 0.014060
2 0.462662 0.392940 0.007909 0.012950
2 0.469010 0.392570 0.007701 0.013690
2 0.475566 0.392385 0.007909 0.013320
2 0.481810 0.392200 0.007909 0.012950
2 0.488262 0.392755 0.007909 0.014060
2 0.494505 0.392570 0.007493 0.012950
2 0.500957 0.393125 0.008741 0.014060
2 0.507409 0.392755 0.008741 0.014060
2 0.513965 0.393310 0.008533 0.013690
2 0.520313 0.393310 0.009158 0.013690
2 0.273581 0.550746 0.003954 0.013320
2 0.277535 0.550376 0.008949 0.014060
2 0.283779 0.550561 0.008117 0.014430
2 0.290127 0.550746 0.007909 0.014060
2 0.296370 0.550191 0.008325 0.013690
2 0.303030 0.550746 0.008741 0.014060
2 0.308962 0.551116 0.008117 0.013320
2 0.315622 0.551486 0.008117 0.013320
2 0.321762 0.551486 0.007909 0.014060
2 0.327901 0.550931 0.007701 0.013690
2 0.334561 0.551671 0.008117 0.013690
2 0.340493 0.551116 0.008325 0.014060
2 0.346841 0.551671 0.008117 0.013690
2 0.353188 0.551486 0.007909 0.013320
2 0.359536 0.551671 0.008117 0.014430
2 0.365780 0.552041 0.008117 0.014430
2 0.372336 0.551671 0.008325 0.013690
2 0.378684 0.551856 0.007701 0.013320
2 0.385032 0.552041 0.008325 0.013690
2 0.391275 0.552041 0.008325 0.014430
2 0.397519 0.552041 0.008741 0.014430
2 0.403867 0.552226 0.007701 0.013320
2 0.410215 0.552966 0.007909 0.014800
2 0.416459 0.552596 0.008325 0.014060
2 0.423119 0.552596 0.008325 0.015540
2 0.429466 0.552596 0.007701 0.014800
2 0.435814 0.552411 0.008325 0.013690
2 0.442370 0.552781 0.008117 0.014430
2 0.448718 0.553151 0.008741 0.014430
2 0.454858 0.553151 0.008949 0.014430
2 0.461205 0.553151 0.007909 0.015170
2 0.467657 0.552781 0.007909 0.013690
2 0.474005 0.552966 0.007701 0.013320
2 0.480249 0.553336 0.007701 0.014060
2 0.486701 0.553151 0.008117 0.013690
2 0.493465 0.552966 0.007493 0.014060
2 0.499500 0.553521 0.008741 0.013690
2 0.505952 0.553336 0.008325 0.014800
2 0.512196 0.553521 0.008741 0.014430
2 0.518856 0.553891 0.008741 0.014430
2 0.525100 0.553521 0.008325 0.014430
2 0.531552 0.553891 0.007493 0.014430
2 0.526557 0.393310 0.007909 0.013690
2 0.533217 0.392940 0.008325 0.013690
2 0.539565 0.393310 0.008533 0.014430
2 0.545704 0.393495 0.008741 0.014060
2 0.552364 0.393865 0.008325 0.014060
2 0.558400 0.393495 0.008325 0.013320
2 0.565372 0.393495 0.008949 0.014060
2 0.571408 0.393865 0.008117 0.014060
2 0.577756 0.393865 0.008325 0.014060
2 0.584103 0.393680 0.008533 0.013690
2 0.590451 0.393865 0.008325 0.013320
2 0.597111 0.394050 0.008325 0.013690
2 0.603563 0.394235 0.007493 0.014060
2 0.609703 0.394420 0.008533 0.013690
2 0.616363 0.394235 0.008533 0.014060
2 0.538108 0.554261 0.008533 0.014430
2 0.544560 0.553706 0.008533 0.014060
2 0.550803 0.553891 0.008533 0.013690
2 0.556943 0.554076 0.008325 0.014060
2 0.563707 0.553891 0.008117 0.014430
2 0.570055 0.554261 0.008325 0.014430
2 0.576403 0.554816 0.008533 0.014060
2 0.582855 0.554631 0.008533 0.012950
2 0.589411 0.554446 0.008325 0.014060
2 0.595862 0.555001 0.007909 0.015910
2 0.602418 0.554816 0.007701 0.014060
2 0.608870 0.554631 0.008117 0.014430
2 0.615114 0.554816 0.008533 0.014060
0 0.609495 0.430310 0.021437 0.063270
0 0.609287 0.488585 0.021021 0.064380
0 0.609182 0.533356 0.021645 0.035520
0 0.590139 0.414400 0.040168 0.032930
0 0.560169 0.533541 0.040584 0.033670
0 0.532384 0.413845 0.040376 0.034040
0 0.502414 0.533356 0.039544 0.034040
0 0.474213 0.413660 0.040584 0.032930
0 0.444139 0.532061 0.039544 0.032930
0 0.416459 0.413105 0.039960 0.032560
0 0.358600 0.412735 0.039960 0.033300
0 0.386593 0.531321 0.039752 0.033670
0 0.329254 0.530396 0.038711 0.033300
0 0.302094 0.411995 0.038919 0.034040
0 0.283258 0.427350 0.020396 0.064010
0 0.282530 0.485070 0.021021 0.063270
0 0.282114 0.529101 0.020604 0.034410
1 0.301990 0.456210 0.039960 0.064010
1 0.301053 0.515226 0.039752 0.062900
1 0.330399 0.427905 0.039752 0.063640
1 0.330087 0.485255 0.040376 0.065120
1 0.358808 0.456210 0.040376 0.064010
1 0.358183 0.515596 0.040376 0.063640
1 0.387425 0.428090 0.040168 0.065490
1 0.387321 0.486365 0.040376 0.062900
1 0.415938 0.457505 0.041417 0.063640
1 0.415418 0.515966 0.040793 0.064380
1 0.444764 0.428460 0.040376 0.064750
1 0.444764 0.487290 0.040376 0.065490
1 0.473901 0.457505 0.040376 0.065120
1 0.473589 0.517261 0.040168 0.064750
1 0.503143 0.429755 0.040584 0.065120
1 0.502622 0.488400 0.039960 0.065490
1 0.531864 0.458615 0.040584 0.066600
1 0.531448 0.517261 0.041001 0.064010
1 0.561106 0.429570 0.040793 0.064750
1 0.560689 0.488030 0.040793 0.064750
1 0.590139 0.459170 0.040584 0.064010
1 0.589931 0.518186 0.041001 0.065120