2 0.447987 0.456052 0.009797 0.027709
2 0.456671 0.455656 0.015586 0.028500
2 0.468472 0.456448 0.015141 0.028500
2 0.480718 0.457240 0.015586 0.028500
2 0.492296 0.458032 0.016477 0.028500
2 0.504097 0.458032 0.016031 0.026917
2 0.516120 0.458823 0.016031 0.025333
2 0.528144 0.459219 0.016031 0.026125
2 0.540167 0.459219 0.016031 0.026125
2 0.552191 0.460011 0.016031 0.026125
2 0.564214 0.460802 0.016031 0.026125
2 0.575347 0.461198 0.015141 0.026917
2 0.587148 0.461990 0.015586 0.028500
2 0.598949 0.460407 0.016031 0.028500
2 0.610973 0.461594 0.015141 0.024542
2 0.623116 0.463049 0.015944 0.026799
2 0.634711 0.463049 0.014205 0.025768
2 0.646452 0.464595 0.014494 0.026799
2 0.658627 0.464595 0.015074 0.024737
2 0.670513 0.464595 0.015654 0.025768
2 0.682688 0.464080 0.015654 0.025768
2 0.693559 0.465368 0.015364 0.025253
2 0.705734 0.465368 0.014205 0.024222
2 0.716895 0.465626 0.015654 0.026799
2 0.728925 0.466141 0.014784 0.026799
2 0.740955 0.465883 0.015654 0.026283
2 0.752551 0.466399 0.015074 0.026283
2 0.764292 0.467429 0.014784 0.026283
2 0.776322 0.467172 0.014494 0.023706
2 0.787917 0.467687 0.014494 0.027829
2 0.799223 0.468460 0.014494 0.025253
2 0.810819 0.468975 0.014494 0.025253
2 0.822559 0.469491 0.014205 0.025253
2 0.833865 0.469491 0.014784 0.025253
2 0.845460 0.470264 0.014205 0.025768
2 0.857056 0.470779 0.014784 0.024737
2 0.868796 0.471295 0.015074 0.024737
2 0.880537 0.470522 0.015364 0.024222
2 0.892277 0.471810 0.014494 0.024737
2 0.903728 0.472068 0.013625 0.025253
2 0.915179 0.471810 0.013915 0.025768
2 0.926919 0.471810 0.015944 0.024737
2 0.938804 0.472841 0.015364 0.024737
2 0.950835 0.473614 0.014494 0.027314
2 0.962720 0.474129 0.015074 0.024222
2 0.975186 0.474129 0.013335 0.025253
2 0.986491 0.474129 0.015654 0.023191
2 0.994840 0.474129 0.010320 0.024222
2 0.994550 0.769944 0.010900 0.026283
2 0.983737 0.770202 0.014205 0.027829
2 0.971852 0.769171 0.014205 0.026799
2 0.959966 0.767883 0.014205 0.025253
2 0.947646 0.768141 0.013335 0.025768
2 0.935616 0.767625 0.013625 0.025768
2 0.924020 0.767110 0.013625 0.024737
2 0.911990 0.767625 0.013915 0.026799
2 0.899959 0.766595 0.014205 0.025768
2 0.888074 0.766337 0.014205 0.026283
2 0.876623 0.765821 0.015654 0.027314
2 0.865028 0.765564 0.014494 0.025768
2 0.852853 0.765306 0.014494 0.026283
2 0.840532 0.764791 0.014205 0.028345
2 0.829372 0.764791 0.015074 0.026283
2 0.818066 0.764791 0.014494 0.027314
2 0.806615 0.764791 0.015364 0.026283
2 0.794875 0.764018 0.015074 0.027829
2 0.783279 0.764018 0.014494 0.027829
2 0.771104 0.763502 0.014494 0.025768
2 0.760233 0.763502 0.014784 0.027829
2 0.748493 0.762987 0.014494 0.025768
2 0.735882 0.763245 0.014784 0.027314
2 0.725012 0.762214 0.014494 0.025253
2 0.712836 0.761956 0.014494 0.026799
2 0.701676 0.761699 0.014784 0.026283
2 0.689065 0.760668 0.015074 0.024222
2 0.677760 0.761441 0.014494 0.025768
2 0.665150 0.760668 0.014784 0.027314
2 0.653699 0.760153 0.013335 0.026283
2 0.641669 0.759895 0.014784 0.026799
2 0.630218 0.760153 0.013915 0.026283
2 0.618043 0.760668 0.015654 0.028345
2 0.606302 0.759637 0.014205 0.026283
2 0.593982 0.758606 0.015074 0.025253
2 0.582386 0.758606 0.015074 0.027314
2 0.570501 0.757833 0.014494 0.026799
2 0.558615 0.757318 0.015074 0.024737
2 0.546730 0.756803 0.014494 0.025768
2 0.534845 0.756545 0.014494 0.024222
2 0.523249 0.757318 0.013915 0.026799
2 0.510784 0.756545 0.014494 0.027314
2 0.498753 0.756030 0.014784 0.026283
2 0.487303 0.754999 0.015654 0.027314
2 0.475272 0.754999 0.014784 0.026283
2 0.463532 0.754226 0.014494 0.025768
2 0.451792 0.752938 0.014205 0.025253
2 0.443385 0.752938 0.008407 0.026283
0 0.462517 0.523088 0.041454 0.116986
0 0.460343 0.632859 0.041164 0.121109
0 0.459329 0.715574 0.039135 0.066996
0 0.498898 0.496805 0.073052 0.064420
0 0.551223 0.718924 0.077980 0.064420
0 0.605867 0.500670 0.075371 0.062874
0 0.713851 0.504793 0.074501 0.060812
0 0.657468 0.723562 0.074791 0.062358
0 0.764292 0.726139 0.074501 0.063389
0 0.820240 0.508916 0.074501 0.064935
0 0.869811 0.727943 0.075081 0.062874
0 0.925615 0.511235 0.073632 0.059266
0 0.970344 0.731293 0.059311 0.061328
1 0.996724 0.595496 0.006551 0.038136
1 0.997014 0.703206 0.005972 0.032983
1 0.970199 0.539579 0.059601 0.118017
1 0.970199 0.647032 0.059601 0.120594
1 0.924745 0.593434 0.075371 0.121624
1 0.924890 0.700886 0.075661 0.120078
1 0.871695 0.537260 0.074212 0.115440
1 0.872565 0.644712 0.074212 0.119048
1 0.818936 0.590858 0.075371 0.121624
1 0.817776 0.698310 0.074212 0.115955
1 0.766901 0.533395 0.075081 0.120078
1 0.765306 0.642393 0.074791 0.120594
1 0.713126 0.587250 0.076531 0.119563
1 0.711677 0.696506 0.075951 0.116471
1 0.660077 0.530818 0.077690 0.118017
1 0.659642 0.639301 0.077400 0.117502
1 0.605143 0.582354 0.076241 0.118017
1 0.604418 0.692898 0.075371 0.119563
1 0.551803 0.526696 0.076241 0.119048
1 0.551223 0.635178 0.076241 0.119563
1 0.498174 0.577716 0.076241 0.119048
1 0.496289 0.689291 0.075371 0.119563