2 0.330295 0.417730 0.004995 0.014430
2 0.334561 0.418100 0.008117 0.015170
2 0.341117 0.418285 0.008325 0.014060
2 0.347777 0.417730 0.007909 0.014430
2 0.354333 0.418470 0.008117 0.014430
2 0.360785 0.418285 0.008949 0.014800
2 0.367029 0.418285 0.008533 0.014060
2 0.373793 0.418840 0.008325 0.014430
2 0.379308 0.418840 0.006452 0.013690
2 0.386593 0.418840 0.008117 0.013690
2 0.393044 0.419210 0.008533 0.014430
2 0.399600 0.419025 0.008325 0.014060
2 0.406364 0.419210 0.008533 0.014430
2 0.413024 0.419580 0.008949 0.014430
2 0.419268 0.419950 0.008949 0.014430
2 0.426032 0.419765 0.008325 0.014060
2 0.432276 0.420135 0.008325 0.014060
2 0.439144 0.420320 0.008741 0.013690
2 0.445700 0.420505 0.008533 0.014060
2 0.452048 0.420690 0.008325 0.014430
2 0.458396 0.420320 0.008533 0.013690
2 0.465056 0.420320 0.008533 0.013690
2 0.471820 0.420690 0.008741 0.013690
2 0.478168 0.420690 0.008533 0.013690
2 0.484932 0.421060 0.008325 0.013690
2 0.490967 0.420875 0.007909 0.014060
2 0.498044 0.420875 0.008325 0.014060
2 0.504391 0.421615 0.007701 0.014060
2 0.510947 0.421615 0.008325 0.014060
2 0.517607 0.421430 0.008325 0.013690
2 0.524163 0.421800 0.008533 0.013690
2 0.530615 0.421800 0.008533 0.014430
2 0.537171 0.422170 0.008325 0.014430
2 0.543727 0.421985 0.008533 0.014060
2 0.550387 0.422170 0.008533 0.014430
2 0.556943 0.422355 0.008325 0.014800
2 0.563395 0.422355 0.008325 0.013320
2 0.570367 0.422725 0.008117 0.014060
2 0.328318 0.581826 0.003122 0.014060
2 0.332584 0.581641 0.008325 0.013690
2 0.339036 0.582011 0.008325 0.014430
2 0.346633 0.581826 0.009782 0.014060
2 0.352356 0.582936 0.007909 0.013320
2 0.358912 0.582751 0.008533 0.015170
2 0.365156 0.582936 0.008949 0.014060
2 0.372336 0.582936 0.008325 0.014060
2 0.378268 0.582751 0.008949 0.013690
2 0.385032 0.583306 0.008741 0.013320
2 0.391275 0.583121 0.008741 0.013690
2 0.397623 0.583306 0.008949 0.014800
2 0.404699 0.583861 0.008533 0.014430
2 0.410631 0.584231 0.008741 0.014430
2 0.417603 0.584231 0.008533 0.014430
2 0.424263 0.584416 0.008533 0.014060
2 0.430923 0.584416 0.008533 0.014060
2 0.437375 0.584601 0.008949 0.014430
2 0.443515 0.584231 0.008741 0.014430
2 0.450591 0.584601 0.008741 0.014430
2 0.457043 0.584971 0.008741 0.014430
2 0.463495 0.584601 0.008741 0.013690
2 0.470051 0.585341 0.008949 0.013690
2 0.476503 0.585156 0.008533 0.014060
2 0.483475 0.585526 0.008325 0.014060
2 0.489823 0.585711 0.008533 0.014430
2 0.496379 0.585341 0.008741 0.014430
2 0.502935 0.586451 0.008949 0.015170
2 0.509386 0.585711 0.008533 0.014430
2 0.516046 0.586081 0.008533 0.013690
2 0.523019 0.586266 0.007909 0.013320
2 0.529262 0.586821 0.008325 0.014430
2 0.535714 0.587191 0.008325 0.014430
2 0.542270 0.586821 0.008533 0.014430
2 0.549034 0.586821 0.008741 0.013690
2 0.555590 0.586636 0.008949 0.014060
2 0.561730 0.587376 0.008325 0.014060
2 0.568494 0.587561 0.008117 0.015910
2 0.575362 0.587561 0.008949 0.014430
2 0.576299 0.422540 0.008325 0.014430
2 0.583167 0.422355 0.008325 0.014800
2 0.589931 0.422910 0.008117 0.014430
2 0.596279 0.423095 0.008741 0.014060
2 0.602835 0.423465 0.008117 0.014800
2 0.609911 0.423280 0.008949 0.014430
2 0.615947 0.423280 0.008949 0.013690
2 0.622607 0.423650 0.007701 0.014430
2 0.629058 0.423650 0.008533 0.013690
2 0.635823 0.423650 0.008325 0.014430
2 0.642170 0.424020 0.008533 0.012950
2 0.649143 0.424390 0.008741 0.013690
2 0.655698 0.423835 0.008117 0.013320
2 0.662046 0.424760 0.007909 0.014430
2 0.668602 0.424390 0.008949 0.014430
2 0.675470 0.424575 0.008949 0.014800
2 0.681922 0.424575 0.007701 0.013320
2 0.581710 0.587376 0.008741 0.014800
2 0.588474 0.587746 0.008533 0.014800
2 0.595238 0.587931 0.009158 0.014430
2 0.601482 0.588116 0.009158 0.014800
2 0.607934 0.588301 0.008741 0.014430
2 0.614906 0.588856 0.009366 0.014800
2 0.621358 0.588116 0.008949 0.014060
2 0.627914 0.588301 0.008741 0.012950
2 0.634886 0.588856 0.008117 0.014060
2 0.641234 0.588486 0.008741 0.014800
2 0.647686 0.589041 0.008325 0.014430
2 0.654554 0.589041 0.008325 0.014430
2 0.660902 0.589411 0.008949 0.014430
2 0.667458 0.589781 0.008741 0.014430
2 0.674013 0.590151 0.008949 0.015170
2 0.680569 0.589596 0.008741 0.014800
0 0.675054 0.461390 0.023102 0.064010
0 0.674742 0.521886 0.021645 0.067340
0 0.674430 0.567026 0.022269 0.033300
0 0.655386 0.445850 0.041625 0.035150
0 0.624688 0.566656 0.042666 0.034040
0 0.595862 0.444370 0.041625 0.034410
0 0.536026 0.443630 0.042249 0.034410
0 0.565060 0.565731 0.042458 0.035890
0 0.505536 0.564991 0.040376 0.034410
0 0.475982 0.442705 0.041625 0.034780
0 0.445700 0.562586 0.041833 0.033300
0 0.416667 0.440670 0.041625 0.034410
0 0.386072 0.561846 0.040793 0.035520
0 0.357663 0.439375 0.040584 0.034780
0 0.337891 0.453805 0.021021 0.064380
0 0.337475 0.514671 0.021853 0.065490
0 0.336955 0.559996 0.021645 0.035520
1 0.357975 0.484700 0.041209 0.066230
1 0.357247 0.545196 0.041417 0.065860
1 0.387425 0.455840 0.041833 0.068450
1 0.387009 0.515966 0.041417 0.067340
1 0.416459 0.486920 0.041625 0.066230
1 0.416146 0.547416 0.041833 0.066600
1 0.446429 0.457690 0.041209 0.066970
1 0.446116 0.517446 0.041001 0.068820
1 0.475982 0.486550 0.042458 0.067710
1 0.475462 0.547971 0.041417 0.065490
1 0.505432 0.458060 0.042249 0.066230
1 0.505328 0.518001 0.042458 0.067710
1 0.535402 0.489325 0.042249 0.067340
1 0.535610 0.550006 0.042249 0.065120
1 0.565580 0.459540 0.042249 0.065490
1 0.565372 0.519851 0.041833 0.067710
1 0.595654 0.490435 0.041625 0.067340
1 0.595030 0.550746 0.042041 0.066600
1 0.625208 0.459910 0.041209 0.065490
1 0.625000 0.520406 0.042041 0.065120
1 0.655178 0.491915 0.040793 0.065860
1 0.655074 0.551671 0.041417 0.066230