2 0.198447 0.330040 0.006868 0.021090
2 0.205211 0.329485 0.012071 0.020720
2 0.215097 0.329670 0.012696 0.022570
2 0.224671 0.329300 0.012696 0.021830
2 0.234453 0.329670 0.012696 0.022570
2 0.244651 0.329485 0.012696 0.021460
2 0.254225 0.329670 0.012696 0.021090
2 0.264423 0.330040 0.012279 0.021090
2 0.274725 0.329855 0.012071 0.021460
2 0.284611 0.329855 0.012279 0.020720
2 0.294497 0.329855 0.012071 0.021460
2 0.304487 0.329855 0.012071 0.020720
2 0.314373 0.329670 0.013112 0.021090
2 0.324363 0.330040 0.013112 0.021090
2 0.334561 0.330225 0.013112 0.020720
2 0.344551 0.329670 0.012696 0.021090
2 0.354541 0.330225 0.012696 0.022200
2 0.364948 0.330595 0.012696 0.021460
2 0.374625 0.330040 0.012071 0.021090
2 0.384928 0.330040 0.012696 0.021090
2 0.395126 0.330040 0.012696 0.021090
2 0.405116 0.330595 0.013112 0.021460
2 0.415730 0.330040 0.013112 0.021090
2 0.425720 0.330225 0.012696 0.022200
2 0.435814 0.330225 0.012904 0.022200
2 0.194701 0.582751 0.006452 0.021830
2 0.201777 0.583676 0.012696 0.021460
2 0.211247 0.583676 0.012071 0.021460
2 0.221237 0.583861 0.012071 0.021830
2 0.231019 0.583676 0.013320 0.021460
2 0.241321 0.584046 0.012696 0.022200
2 0.251103 0.584231 0.012696 0.020350
2 0.260989 0.584601 0.012488 0.020350
2 0.271083 0.584786 0.012696 0.020720
2 0.280761 0.584601 0.012071 0.021090
2 0.291167 0.584971 0.012488 0.021090
2 0.300949 0.585526 0.012488 0.021460
2 0.311147 0.585711 0.012071 0.021090
2 0.321553 0.585341 0.012488 0.021090
2 0.331439 0.585711 0.012696 0.021830
2 0.341638 0.586081 0.012696 0.021090
2 0.351836 0.585896 0.012696 0.022200
2 0.361826 0.586451 0.013112 0.021090
2 0.372128 0.586081 0.011655 0.021090
2 0.382118 0.586266 0.012488 0.021460
2 0.392524 0.586266 0.011655 0.021460
2 0.402306 0.586266 0.012071 0.020720
2 0.412608 0.587191 0.012279 0.021830
2 0.423327 0.587006 0.012904 0.020720
2 0.433317 0.586821 0.012904 0.022570
2 0.445492 0.330780 0.012696 0.021090
2 0.455794 0.330225 0.013320 0.021460
2 0.466200 0.330595 0.012904 0.020720
2 0.476607 0.330595 0.012488 0.020720
2 0.486909 0.330595 0.012279 0.020720
2 0.496795 0.330780 0.012071 0.021090
2 0.506993 0.330780 0.012488 0.021830
2 0.516983 0.331335 0.012904 0.021460
2 0.527701 0.331150 0.013112 0.021090
2 0.537587 0.330780 0.013320 0.021830
2 0.548098 0.331150 0.012696 0.021090
2 0.558504 0.331335 0.012279 0.021460
2 0.568702 0.331705 0.013112 0.021460
2 0.578900 0.331705 0.013112 0.021460
2 0.589098 0.331890 0.012696 0.021090
2 0.599713 0.332075 0.012279 0.021460
2 0.609495 0.331890 0.013528 0.021830
2 0.619901 0.332445 0.012696 0.022200
2 0.630307 0.332445 0.013112 0.021460
2 0.640297 0.332630 0.012279 0.021830
2 0.650599 0.333000 0.012488 0.021830
2 0.660693 0.333000 0.012279 0.021830
2 0.671100 0.332815 0.013112 0.021460
2 0.443307 0.586821 0.012904 0.021090
2 0.453713 0.587191 0.013736 0.021830
2 0.464223 0.587376 0.012279 0.021460
2 0.473589 0.587931 0.012696 0.021090
2 0.484620 0.587931 0.013112 0.021830
2 0.494401 0.588301 0.013944 0.021090
2 0.504808 0.588301 0.012696 0.021090
2 0.515110 0.588671 0.012488 0.021090
2 0.525412 0.588486 0.012696 0.021460
2 0.535402 0.588301 0.013528 0.021090
2 0.545704 0.588486 0.012488 0.021460
2 0.556006 0.588856 0.012696 0.021460
2 0.566309 0.589041 0.013320 0.022570
2 0.576195 0.589226 0.012696 0.021460
2 0.586913 0.589411 0.012071 0.021830
2 0.597319 0.589226 0.012488 0.022200
2 0.607101 0.589411 0.012904 0.021830
2 0.617924 0.589411 0.012488 0.021830
2 0.627914 0.589596 0.012488 0.022200
2 0.638320 0.589596 0.012488 0.022200
2 0.648518 0.589966 0.012488 0.022200
2 0.658820 0.590151 0.012279 0.022570
2 0.669123 0.589966 0.012488 0.021460
2 0.680778 0.333370 0.013736 0.021090
2 0.691080 0.333185 0.013528 0.021460
2 0.701486 0.333370 0.013528 0.021090
2 0.711580 0.333555 0.013736 0.020720
2 0.721778 0.333925 0.013736 0.020720
2 0.731872 0.333740 0.013528 0.020350
2 0.742383 0.334665 0.012488 0.020720
2 0.679321 0.590521 0.012488 0.021830
2 0.689623 0.590336 0.013528 0.020720
2 0.699821 0.590706 0.013112 0.021460
2 0.710123 0.590891 0.012904 0.021830
2 0.720529 0.591076 0.012904 0.022200
2 0.731144 0.590891 0.012904 0.021830
2 0.740822 0.591261 0.014361 0.021830
0 0.731331 0.391534 0.032468 0.099567
0 0.731466 0.484367 0.032738 0.103415
0 0.731602 0.556758 0.031926 0.052910
0 0.701569 0.366522 0.063853 0.053391
0 0.607819 0.365079 0.064123 0.053391
0 0.654356 0.556518 0.066288 0.051467
0 0.560606 0.555796 0.063312 0.053872
0 0.514610 0.365560 0.065476 0.054353
0 0.467262 0.553872 0.064935 0.052910
0 0.422078 0.363636 0.064935 0.053391
0 0.375135 0.553151 0.064123 0.053391
0 0.330087 0.363396 0.064935 0.052910
0 0.283956 0.551948 0.064123 0.052910
0 0.208604 0.551227 0.034632 0.054353
0 0.209551 0.480519 0.031656 0.099567
0 0.210768 0.387686 0.032468 0.101491
0 0.240530 0.362674 0.063312 0.052429
1 0.240260 0.432179 0.061688 0.101010
1 0.238907 0.527177 0.062771 0.101491
1 0.284767 0.387446 0.063041 0.102934
1 0.285308 0.480760 0.062500 0.101010
1 0.330222 0.433622 0.064123 0.102934
1 0.329410 0.527417 0.064123 0.101010
1 0.375947 0.387205 0.064123 0.101491
1 0.375541 0.480760 0.064394 0.101010
1 0.421807 0.434343 0.064935 0.103415
1 0.421131 0.529582 0.064665 0.102453
1 0.468344 0.387686 0.063853 0.101491
1 0.467938 0.482203 0.064665 0.103896
1 0.514340 0.435305 0.066017 0.104377
1 0.514475 0.530784 0.065206 0.103896
1 0.561147 0.390091 0.064394 0.102453
1 0.561147 0.483646 0.064935 0.102934
1 0.607684 0.436508 0.064394 0.102934
1 0.607549 0.531506 0.064665 0.100529
1 0.654627 0.390572 0.063041 0.102453
1 0.654221 0.485089 0.063853 0.101010
1 0.700487 0.438432 0.064394 0.101972
1 0.700622 0.532227 0.064665 0.101972