2 0.008371 0.167298 0.016741 0.034271
2 0.021560 0.167298 0.018770 0.032468
2 0.037033 0.167749 0.020292 0.031566
2 0.051238 0.169102 0.020292 0.032468
2 0.066203 0.167298 0.018770 0.032468
2 0.082183 0.169102 0.019278 0.032468
2 0.095881 0.168651 0.019278 0.031566
2 0.110846 0.170004 0.019785 0.028860
2 0.126319 0.168651 0.020292 0.031566
2 0.140524 0.169553 0.017248 0.033369
2 0.154982 0.170004 0.017756 0.032468
2 0.169694 0.171356 0.019785 0.031566
2 0.184659 0.170455 0.018263 0.029762
2 0.199117 0.171356 0.019785 0.033369
2 0.214336 0.170455 0.019785 0.033369
2 0.229048 0.171356 0.019785 0.033369
2 0.243253 0.170905 0.017756 0.032468
2 0.257711 0.170905 0.020292 0.032468
2 0.273691 0.170455 0.019785 0.033369
2 0.288149 0.171356 0.020292 0.033369
2 0.302100 0.171807 0.019785 0.032468
2 0.317319 0.171356 0.018770 0.031566
2 0.332539 0.170455 0.017756 0.031566
2 0.348265 0.170455 0.018770 0.033369
2 0.363484 0.170905 0.017756 0.030664
2 0.378957 0.170455 0.019278 0.033369
2 0.392654 0.171807 0.020292 0.032468
2 0.408381 0.170905 0.019278 0.034271
2 0.423600 0.172258 0.019278 0.033369
2 0.439073 0.171807 0.017756 0.032468
2 0.454038 0.172258 0.019278 0.031566
2 0.469511 0.172709 0.020800 0.030664
2 0.484223 0.172709 0.017756 0.032468
2 0.500457 0.173160 0.018770 0.033369
2 0.516437 0.174513 0.019278 0.034271
2 0.530895 0.173611 0.018770 0.034271
2 0.545860 0.173611 0.019278 0.034271
2 0.561587 0.173611 0.019278 0.034271
2 0.576806 0.176317 0.019278 0.034271
2 0.592532 0.175415 0.021307 0.028860
2 0.004566 0.543380 0.009131 0.036075
2 0.014712 0.543831 0.018263 0.033369
2 0.028663 0.543380 0.018770 0.028860
2 0.043882 0.543831 0.017756 0.029762
2 0.058594 0.544733 0.019785 0.031566
2 0.073559 0.544733 0.019278 0.029762
2 0.088017 0.545184 0.018770 0.028860
2 0.102729 0.546086 0.017756 0.032468
2 0.116427 0.546086 0.019785 0.032468
2 0.132407 0.546537 0.018263 0.035173
2 0.147119 0.546086 0.016234 0.028860
2 0.160816 0.547439 0.019278 0.031566
2 0.175781 0.549693 0.017756 0.034271
2 0.191254 0.548341 0.018263 0.029762
2 0.204698 0.551046 0.019785 0.033369
2 0.219663 0.549693 0.017248 0.028860
2 0.234629 0.550595 0.016741 0.032468
2 0.249594 0.551948 0.017248 0.033369
2 0.264813 0.552850 0.016234 0.035173
2 0.279525 0.551046 0.018263 0.035173
2 0.293983 0.553301 0.018770 0.032468
2 0.308695 0.552399 0.018770 0.030664
2 0.323914 0.553752 0.018770 0.033369
2 0.339134 0.554203 0.019785 0.034271
2 0.353845 0.555556 0.018770 0.033369
2 0.369825 0.554654 0.018263 0.035173
2 0.385045 0.556006 0.019278 0.032468
2 0.400264 0.556457 0.019278 0.035173
2 0.415737 0.556908 0.018770 0.032468
2 0.430702 0.556908 0.018263 0.034271
2 0.446429 0.557810 0.019278 0.032468
2 0.461648 0.557810 0.019278 0.034271
2 0.476867 0.557810 0.018263 0.032468
2 0.492086 0.558712 0.018263 0.034271
2 0.508066 0.559163 0.017756 0.029762
2 0.523539 0.559614 0.019278 0.034271
2 0.539773 0.560065 0.018263 0.031566
2 0.554738 0.561869 0.018770 0.035173
2 0.570211 0.561418 0.019278 0.036075
2 0.585430 0.562771 0.018263 0.033369
0 0.574523 0.261093 0.050223 0.155123
0 0.574016 0.400433 0.051238 0.161436
0 0.571733 0.509560 0.052760 0.078463
0 0.530388 0.224567 0.095881 0.083874
0 0.454038 0.505501 0.097403 0.077561
0 0.389864 0.220058 0.095881 0.082071
0 0.315797 0.504149 0.096895 0.083874
0 0.254414 0.222312 0.092837 0.081169
0 0.181869 0.499188 0.093851 0.077561
0 0.120231 0.218705 0.094359 0.084776
0 0.048701 0.496934 0.094359 0.078463
0 0.015980 0.216901 0.031960 0.081169
1 0.018009 0.318813 0.036018 0.158730
1 0.014458 0.458604 0.028916 0.153319
1 0.053267 0.254329 0.094359 0.156025
1 0.049970 0.387356 0.096895 0.149711
1 0.119217 0.324675 0.098417 0.154221
1 0.115412 0.460859 0.093851 0.156025
1 0.186942 0.258838 0.091822 0.148810
1 0.185166 0.395022 0.095373 0.150613
1 0.251877 0.324675 0.095881 0.150613
1 0.249848 0.465368 0.096895 0.152417
1 0.320617 0.256584 0.096388 0.155123
1 0.319095 0.398629 0.098417 0.154221
1 0.388088 0.327381 0.098417 0.157828
1 0.386820 0.468074 0.097910 0.154221
1 0.459111 0.258838 0.098417 0.159632
1 0.457336 0.398178 0.096895 0.155123
1 0.527597 0.331439 0.097403 0.156926
1 0.526836 0.475289 0.096895 0.157828